Time		Moment 
---------------------------------------------------000100011101011101010110
000100011101011101111001
000100011101011110010000
000100011101011110001100
000100011101011110000111
000100011101011110000101
000100011101011110000111
000100011101011101111110
000100011101011101110001
000100011101011110010000
000100011101011110010001
000100011101011110010101
000100011101011110100011
000100011101011110010011
000100011101011110100001
000100011101011110101011
000100011101011110101001
000100011101011110100110
000100011101011110011111
000100011101011110110000
000100011101011110111011
000100011101011110111100
000100011101011110111000
000100011101011110111010
000100011101011111000001
000100011101011110111110
000100011101011111011100
000100011101011111010000
000100011101011110111110
000100011101011110110110
000100011101011110111111
000100011101011111000011
000100011101011111010100
000100011101011111101011
000100011101011111010110
000100011101011111001001
000100011101011111000101
000100011101011111010110
000100011101011111100111
000100011101011111101010
000100011101011111000001
000100011101010011110101
000100011101010000100010
000100011101011101101101
000100011101100001010010
000100011101100000100011
000100011101011111110111
000100011101011111100110
000100011101011111111000
000100011101011110110110
000100011101010110001100
000100011101001101001111
000100011101001101011101
000100011100111101111000
000100011100011000110010
000100011011010010000100
000100011001001111000001
000100010110110011001110
000100010100011110010000
000100010010111001101100
000100010010100100101001
000100010010111000010101
000100010010111100110110
000100010010110011000010
000100010010110011101111
000100010010101111100001
000100010010101100110110
000100010010101000110000
000100010010101011111010
000100010010110001001110
000100010010101110111101
000100010010111001000010
000100010100000000100011
000100011000010000100000
000100011101011010101101
000100011110100111111111
000100011110100110100000
000100011110100110010100
000100011110100110011001
000100011110100101111011
000100011110100101101001
000100011110100101101000
000100011110100101011010
000100011110100101000100
000100011110100101001110
000100011110100101001011
000100011110100100110101
000100011110100100111011
000100011110100100110110
000100011110100100110110
000100011110100100011101
000100011110100100000111
000100011110100100101001
000100011110100100101111
000100011110100100011111
000100011110100100100001
000100011110100100100000
000100011110100100000000
000100011110100010100010
000100011110011110101000
000100011110011101010000
000100011110011101011101
000100011110100000110100
000100011110011101011110
000100011110011110011110
000100011110011100011001
000100011110011001010100
000100011110001010111011
000100011101101111110010
000100011101001011000100
000100011100100000011110
000100011100010011100100
000100011100110011110110
000100011011111010001100
000100011000101001000101
000100010011111000011000
000100001111100000001110
000100001101100100000011
000100001101010001100000
000100001101111100100001
000100001110010000101001
000100001110100110010011
000100010000000110011111
000100010001000111000111
000100010001000000010010
000100010000101100011000
000100010000011110101100
000100010000010011011001
000100010000001101110111
000100001111110010110101
000100001111111111010000
000100010000110100100010
000100010001011001101001
000100010001111001100100
000100010010101111100100
000100010011001000010011
000100010011001010001001
000100010011011011100111
000100010011111110010110
000100010101001111000101
000100010111110101111010
000100011010111110001000
000100011100111011000011
000100011101100001010111
000100011101100110011011
000100011101100110110001
000100011101100111011101
000100011101100111110100
000100011101100111111010
000100011101101000010010
000100011101101000000111
000100011101101000010101
000100011101101000011010
000100011101101000011101
000100011101101000110101
000100011101101001000001
000100011101101000101110
000100011101101001001011
000100011101101001010010
000100011101101001011000
000100011101101001101011
000100011101101001110011
000100011101101010001111
000100011101101010011111
000100011101101001111010
000100011101101001110010
000100011101101010000010
000100011101101010010111
000100011101101010001111
000100011101101010001001
000100011101101010011001
000100011101101010010110
000100011101101010100100
000100011101101010100100
000100011101101010010101
000100011101101010110010
000100011101101011001111
000100011101101011001111
000100011101101011001111
000100011101101011000110
000100011101101011001001
000100011101101010110101
000100011101101011000100
000100011101101011011010
000100011101101011010101
000100011101101011100000
000100011101101011110110
000100011101101011111110
000100011101101011100100
000100011101101100000000
000100011101101011111010
000100011101101011110100
000100011101101011111110
000100011101101100000101
000100011101101011111001
000100011101101011110001
000100011101101100000000
000100011101101100011101
000100011101101100011110
000100011101101100010101
000100011101101100100001
000100011101101100011110
000100011101101100110000
000100011101101100111100
000100011101101100111101
000100011101101100110000
000100011101101100110110
000100011101101100111111
000100011101101100111010
000100011101101100111011
000100011101101101001011
000100011101101101000111
000100011101101101000000
000100011101101101000110
000100011101101101010000
000100011101101101011011
000100011101101101010101
000100011101101101101101
000100011101101101101100
000100011101101101100100
000100011101101101111111
000100011101101101111100
000100011101101110010000
000100011101101110011100
000100011101101110000010
000100011101101110000110
000100011101101110001010
000100011101101110010100
000100011101101110000101
000100011101101110010100
000100011101101110011001
000100011101101101111010
000100011101101110001010
000100011101101110100001
000100011101101110010000
000100011101101110010110
000100011101101110001101
000100011101101110001110
000100011101101110000110
000100011101101110011000
000100011101101110101001
000100011101101110011111
000100011101101110110100
000100011101101111000111
000100011101101110110101
000100011101101111000001
000100011101101111011000
000100011101101110111000
000100011101101110111000
000100011101101111001101
000100011101101111010100
000100011101101111010010
000100011101101111010100
000100011101101110111111
000100011101101111010111
000100011101101111100110
000100011101101111101010
000100011101101111111000
000100011101101111111001
000100011101101111101001
000100011101101111101100
000100011101101111110111
000100011101101111111010
000100011101110000000000
000100011101110000001100
000100011101101111110001
000100011101101111101010
000100011101101111101010
000100011101101111111100
000100011101110000001110
000100011101110000011001
000100011101110000010101
000100011101110000011010
000100011101110000101010
000100011101110000100000
000100011101110000101101
000100011101110000100110
000100011101110000101111
000100011101110000100111
000100011101110001010001
000100011101110001010111
000100011101110001010011
000100011101110001011010
000100011101110001000100
000100011101110001000100
000100011101110001100000
000100011101110001101111
000100011101110001101001
000100011101110000111111
000100011101110001000110
000100011101110001011101
000100011101110001011100
000100011101110001111100
000100011101110001111001
000100011101110001101110
000100011101110010001111
000100011101110010000001
000100011101110010010110
000100011101110010110001
000100011101110010011000
000100011101110010111010
000100011101110010101001
000100011101110010010100
000100011101110010001111
000100011101110010001011
000100011101110010100010
000100011101110010111100
000100011101110010111101
000100011101110010110111
000100011101110011000001
000100011101110010110011
000100011101110010101111
000100011101110011000101
000100011101110011010101
000100011101110011000010
000100011101110011001110
000100011101110011001111
000100011101110011011000
000100011101110011001100
000100011101110011001011
000100011101110011100001
000100011101110011011111
000100011101110011010000
000100011101110011100110
000100011101110011010111
000100011101110011010111
000100011101110011011110
000100011101110011100010
000100011101110100001000
000100011101110011111101
000100011101110100000001
000100011101110011110000
000100011101110011110010
000100011101110100001010
000100011101110100001110
000100011101110011110111
000100011101110011111111
000100011101110100010000
000100011101110100010000
000100011101110100010001
000100011101110100000011
000100011101110100001100
000100011101110100111000
000100011101110100111111
000100011101110100101011
000100011101110100110111
000100011101110100100111
000100011101110100011100
000100011101110100101101
000100011101110101000110
000100011101110101000111
000100011101110100011000
000100011101110100111001
000100011101110101010100
000100011101110101001010
000100011101110101010101
000100011101110101010001
000100011101110101011110
000100011101110101011001
000100011101110101110010
000100011101110101101000
000100011101110101010001
000100011101110101101011
000100011101110101111111
000100011101110110010110
000100011101110110011111
000100011101110101110111
000100011101110101100000
000100011101110101110010
000100011101110101111110
000100011101110110000001
000100011101110101110010
000100011101110101101010
000100011101110101110000
000100011101110110000010
000100011101110110000110
000100011101110101111000
000100011101110101111111
000100011101110110000010
000100011101110110000110
000100011101110110001100
000100011101110110010100
000100011101110110010111
000100011101110110011110
000100011101110110101001
000100011101110110111010
000100011101110111000000
000100011101110110110101
000100011101110111100001
000100011101110111010001
000100011101110111000110
000100011101110111011100
000100011101110111010111
000100011101110110110000
000100011101110110111111
000100011101110111001010
000100011101110111010011
000100011101110111001101
000100011101110111011100
000100011101110111011010
000100011101110110111110
000100011101110111001010
000100011101110111100010
000100011101110111110011
000100011101111000011100
000100011101111000001011
000100011101110111101110
000100011101110111100011
000100011101110111011010
000100011101110111111111
000100011101111000100000
000100011101111000100010
000100011101111000101001
000100011101111000001111
000100011101110111111001
000100011101110111110110
000100011101111000001110
000100011101111000000110
000100011101111000010011
000100011101111000100101
000100011101111000111001
000100011101111000101100
000100011101111000011110
000100011101111000001110
000100011101111000000010
000100011101111000100000
000100011101111000010011
000100011101111000001110
000100011101111000101011
000100011101111000100111
000100011101111000011100
000100011101111000101110
000100011101111000011001
000100011101111000001011
000100011101111000011001
000100011101111000011010
000100011101111000101011
000100011101111000110100
000100011101111000110001
000100011101111000111101
000100011101111001001110
000100011101111000110100
000100011101111000101001
000100011101111000110001
000100011101111000111001
000100011101111001010000
000100011101111000111010
000100011101111000110110
000100011101111001010010
000100011101111000111101
000100011101111000111010
000100011101111000110100
000100011101111000111011
000100011101111000111010
000100011101111000110010
000100011101111000111011
000100011101111001001001
000100011101111001001101
000100011101111001000000
000100011101111000111111
000100011101111001010001
000100011101111001010110
000100011101111001000011
000100011101111000101110
000100011101111001000011
000100011101111000111101
000100011101111001000101
000100011101111001001010
000100011101111001001011
000100011101111001000000
000100011101111000110010
000100011101111001010111
000100011101111010010110
000100011101111010011101
000100011101111001101000
000100011101111001101111
000100011101111010011000
000100011101111010000011
000100011101111010001111
000100011101111010000101
000100011101111010000010
000100011101111010011100
000100011101111010101100
000100011101111010000111
000100011101111001101110
000100011101111010101000
000100011101111011001110
000100011101111010110011
000100011101111011000101
000100011101111011010001
000100011101111011000100
000100011101111011011010
000100011101111011000101
000100011101111010101010
000100011101111010101000
000100011101111010111010
000100011101111010111100
000100011101111010111000
000100011101111010111110
000100011101111011000110
000100011101111011101001
000100011101111011011111
000100011101111011010111
000100011101111011011000
000100011101111011010000
000100011101111010111010
000100011101111011011010
000100011101111011111011
000100011101111011101011
000100011101111011101000
000100011101111011101110
000100011101111011100000
000100011101111011110000
000100011101111011110000
000100011101111011111011
000100011101111100001011
000100011101111100010001
000100011101111100001001
000100011101111100001100
000100011101111100011011
000100011101111100011100
000100011101111100100011
000100011101111100000101
000100011101111100010100
000100011101111100101011
000100011101111100011111
000100011101111100011001
000100011101111100111111
000100011101111101001101
000100011101111100110100
000100011101111100110100
000100011101111100101001
000100011101111100100110
000100011101111100110100
000100011101111101011010
000100011101111101011011
000100011101111101001010
000100011101111101000111
000100011101111100101101
000100011101111100110101
000100011101111101000000
000100011101111100110111
000100011101111100111000
000100011101111101001001
000100011101111101010011
000100011101111101010011
000100011101111101010011
000100011101111101011001
000100011101111101011100
000100011101111101001101
000100011101111101010001
000100011101111101100110
000100011101111101010100
000100011101111101011011
000100011101111101001111
000100011101111101010100
000100011101111101010100
000100011101111101110101
000100011101111101110110
000100011101111101011100
000100011101111101010001
000100011101111101100100
000100011101111101101011
000100011101111101101101
000100011101111110000010
000100011101111101111110
000100011101111101101101
000100011101111101110111
000100011101111110000001
000100011101111101111010
000100011101111110000111
000100011101111101111100
000100011101111101111001
000100011101111110000011
000100011101111110000011
000100011101111110001110
000100011101111110100000
000100011101111110010100
000100011101111110000101
000100011101111101111111
000100011101111110011011
000100011101111110000111
000100011101111110001010
000100011101111110100010
000100011101111110001101
000100011101111110010001
000100011101111110001101
000100011101111110100000
000100011101111110101001
000100011101111110101110
000100011101111110110010
000100011101111110111001
000100011101111110110100
000100011101111111000011
000100011101111111010101
000100011101111111001001
000100011101111110101100
000100011101111110110011
000100011101111111000101
000100011101111111000010
000100011101111111000011
000100011101111111001011
000100011101111110110000
000100011101111110101011
000100011101111111000000
000100011101111111001110
000100011101111111000001
000100011101111110110110
000100011101111111000011
000100011101111111000111
000100011101111110111100
000100011101111110110101
000100011101111111000110
000100011101111111000101
000100011101111110110111
000100011101111111001110
000100011101111111101110
000100011101111111100100
000100011101111111011110
000100011101111111111111
000100011101111111011101
000100011101111111001100
000100011101111111100101
000100011101111111010110
000100011101111111011000
000100011101111111011101
000100011101111111010010
000100011101111111011000
000100011101111111011111
000100011101111111101101
000100011101111111101111
000100011101111111100000
000100011101111111010101
000100011101111111011100
000100011101111111100000
000100011110000000000100
000100011101111111111100
000100011101111111011001
000100011101111111101011
000100011101111111101011
000100011101111111111000
000100011110000000000111
000100011101111111110101
000100011101111111110000
000100011110000000000000
000100011110000000001110
000100011101111111111101
000100011101111111111011
000100011110000000000001
000100011110000000000010
000100011110000000000010
000100011101111111110110
000100011110000000000111
000100011101111111111111
000100011110000000001000
000100011110000000011111
000100011110000000101111
000100011110000000010110
000100011110000000011001
000100011101111111111101
000100011110000000001001
000100011110000000010100
000100011110000000001110
000100011110000000001000
000100011110000000100100
000100011110000000010100
000100011101111111111110
000100011110000000001001
000100011110000000011110
000100011110000000101000
000100011110000000100101
000100011110000000100100
000100011110000000110100
000100011110000001001000
000100011110000001011101
000100011110000001001001
000100011110000000101101
000100011110000000100101
000100011110000000100000
000100011110000000111001
000100011110000000111011
000100011110000000101111
000100011110000000111111
000100011110000001001110
000100011110000001011000
000100011110000001010110
000100011110000000111000
000100011110000000111010
000100011110000001000100
000100011110000001010100
000100011110000001001000
000100011110000001010110
000100011110000001010011
000100011110000001000101
000100011110000001011001
000100011110000001011110
000100011110000001010100
000100011110000001100100
000100011110000001101011
000100011110000001100011
000100011110000001000010
000100011110000001000100
000100011110000001100001
000100011110000001011010
000100011110000001100110
000100011110000001110001
000100011110000001010001
000100011110000000111100
000100011110000001100101
000100011110000001110010
000100011110000001100101
000100011110000001101100
000100011110000001101000
000100011110000001101010
000100011110000001101111
000100011110000001010011
000100011110000001001111
000100011110000001011011
000100011110000001100111
000100011110000001011011
000100011110000001010101
000100011110000001101111
000100011110000010011010
000100011110000010000101
000100011110000001110101
000100011110000001110111
000100011110000001100011
000100011110000001101001
000100011110000001101000
000100011110000001100110
000100011110000001111010
000100011110000010001000
000100011110000010001100
000100011110000010000000
000100011110000001111101
000100011110000001111011
000100011110000001110110
000100011110000010001001
000100011110000001110101
000100011110000001101011
000100011110000010000101
000100011110000010010000
000100011110000001111101
000100011110000001110010
000100011110000001101110
000100011110000001111010
000100011110000010011110
000100011110000010011100
000100011110000010000100
000100011110000001101001
000100011110000001111110
000100011110000010011010
000100011110000001111100
000100011110000001101111
000100011110000010001100
000100011110000010100010
000100011110000010010110
000100011110000010010111
000100011110000010010111
000100011110000010010101
000100011110000010001010
000100011110000010001000
000100011110000010101100
000100011110000010110110
000100011110000010110011
000100011110000011000111
000100011110000010110001
000100011110000010011010
000100011110000010110000
000100011110000010111011
000100011110000010110101
000100011110000010110111
000100011110000010100001
000100011110000010110010
000100011110000010110010
000100011110000010011010
000100011110000001111110
000100011110000001111111
000100011110000010100110
000100011110000010011101
000100011110000010101101
000100011110000010111010
000100011110000010101111
000100011110000010100001
000100011110000010011010
000100011110000010101110
000100011110000010101000
000100011110000010110110
000100011110000010111010
000100011110000010100101
000100011110000010100111
000100011110000010111111
000100011110000011001101
000100011110000010110111
000100011110000010101010
000100011110000011000010
000100011110000011000101
000100011110000010110110
000100011110000010110010
000100011110000011000100
000100011110000011001000
000100011110000011001100
000100011110000010111110
000100011110000010100000
000100011110000010011000
000100011110000010101000
000100011110000010110000
000100011110000010101101
000100011110000011001100
000100011110000010111011
000100011110000010111100
000100011110000011000100
000100011110000010110101
000100011110000011010010
000100011110000011010011
000100011110000010110101
000100011110000010110011
000100011110000011000101
000100011110000011001011
000100011110000011010000
000100011110000011000010
000100011110000010111100
000100011110000011001100
000100011110000011010000
000100011110000011010000
000100011110000011010110
000100011110000011000100
000100011110000011001010
000100011110000011000011
000100011110000011001100
000100011110000010111111
000100011110000011001000
000100011110000011010110
000100011110000011101011
000100011110000011110000
000100011110000011011000
000100011110000011011101
000100011110000011001111
000100011110000011100000
000100011110000011011110
000100011110000010111111
000100011110000011001010
000100011110000011001100
000100011110000011010111
000100011110000011101110
000100011110000011101010
000100011110000011001110
000100011110000011000011
000100011110000011010110
000100011110000011101011
000100011110000011101000
000100011110000011001100
000100011110000011101011
000100011110000011111111
000100011110000011110000
000100011110000011110111
000100011110000011110111
000100011110000011110111
000100011110000011110100
000100011110000011100001
000100011110000011101101
000100011110000011100101
000100011110000011101100
000100011110000100000000
000100011110000100010001
000100011110000100000100
000100011110000011111111
000100011110000011110111
000100011110000100001010
000100011110000011111010
000100011110000011011110
000100011110000011111110
000100011110000100001011
000100011110000100010001
000100011110000100010010
000100011110000100001010
000100011110000100001111
000100011110000100000110
000100011110000100000010
000100011110000011110111
000100011110000011111111
000100011110000100001101
000100011110000100100000
000100011110000100011011
000100011110000100001100
000100011110000011110101
000100011110000011110100
000100011110000100000100
000100011110000100001101
000100011110000100001101
000100011110000100100111
000100011110000100100100
000100011110000100010111
000100011110000011101110
000100011110000011110001
000100011110000100000011
000100011110000011111100
000100011110000011111110
000100011110000100001101
000100011110000100011001
000100011110000100011001
000100011110000100010010
000100011110000100000011
000100011110000100000110
000100011110000100000001
000100011110000011111101
000100011110000100001001
000100011110000100100000
000100011110000100100100
000100011110000100011011
000100011110000100000111
000100011110000100100110
000100011110000100110110
000100011110000100101011
000100011110000100011001
000100011110000100011111
000100011110000100001111
000100011110000100001001
000100011110000100011001
000100011110000100100110
000100011110000100010000
000100011110000100011000
000100011110000100011011
000100011110000100101000
000100011110000100101010
000100011110000100100010
000100011110000100111100
000100011110000100111111
000100011110000100100110
000100011110000100100110
000100011110000100011110
000100011110000100011011
000100011110000100101001
000100011110000100110000
000100011110000100101100
000100011110000100111101
000100011110000100111011
000100011110000100011101
000100011110000100010100
000100011110000100011011
000100011110000100010111
000100011110000100001000
000100011110000100100110
000100011110000100111001
000100011110000100111000
000100011110000100110100
000100011110000101000000
000100011110000100100010
000100011110000100001011
000100011110000100010011
000100011110000100111000
000100011110000100110010
000100011110000100100010
000100011110000100110001
000100011110000100110110
000100011110000100100010
000100011110000100101101
000100011110000100101010
000100011110000100100101
000100011110000100111111
000100011110000100110000
000100011110000100101101
000100011110000100011110
000100011110000100100010
000100011110000100111111
000100011110000101010101
000100011110000100110110
000100011110000100101110
000100011110000100110110
000100011110000100110100
000100011110000100101100
000100011110000100001101
000100011110000100100110
000100011110000100110000
000100011110000101000011
000100011110000101100001
000100011110000100111111
000100011110000100101010
000100011110000100100110
000100011110000101000001
000100011110000101011100
000100011110000101011101
000100011110000101001111
000100011110000100111011
000100011110000101000000
000100011110000101000001
000100011110000101000110
000100011110000101001111
000100011110000100101110
000100011110000100100111
000100011110000100101110
000100011110000100110110
000100011110000100111100
000100011110000100101011
000100011110000100100011
000100011110000100100110
000100011110000101000011
000100011110000100111011
000100011110000101010101
000100011110000101011100
000100011110000101010101
000100011110000101010010
000100011110000101000110
000100011110000100111010
000100011110000101001011
000100011110000101000011
000100011110000100101111
000100011110000100110111
000100011110000101000011
000100011110000101010001
000100011110000100111110
000100011110000100101111
000100011110000101010011
000100011110000101010101
000100011110000101010101
000100011110000101011010
000100011110000101100000
000100011110000101010000
000100011110000101001110
000100011110000101010011
000100011110000101100001
000100011110000101110111
000100011110000101100011
000100011110000101001101
000100011110000101010001
000100011110000101000011
000100011110000101011010
000100011110000101110001
000100011110000101100000
000100011110000101000111
000100011110000100111111
000100011110000101001101
000100011110000101011001
000100011110000101100101
000100011110000101000111
000100011110000100111100
000100011110000101010010
000100011110000101100111
000100011110000101011000
000100011110000100111101
000100011110000100111101
000100011110000100111110
000100011110000101011101
000100011110000110000001
000100011110000101011110
000100011110000101010010
000100011110000101011110
000100011110000101110001
000100011110000101011101
000100011110000101110101
000100011110000101111001
000100011110000101001100
000100011110000101011111
000100011110000101111000
000100011110000101011110
000100011110000101101001
000100011110000101101110
000100011110000101111111
000100011110000110010001
000100011110000110011000
000100011110000110010001
000100011110000110000001
000100011110000101101110
000100011110000101101010
000100011110000101101110
000100011110000101110101
000100011110000101101110
000100011110000101011100
000100011110000101101011
000100011110000101110101
000100011110000101111110
000100011110000101110101
000100011110000101111110
000100011110000110000011
000100011110000101101110
000100011110000101011100
000100011110000101101111
000100011110000110001110
000100011110000110100010
000100011110000110001010
000100011110000101100000
000100011110000101100010
000100011110000101110101
000100011110000101101001
000100011110000101110011
000100011110000101011110
000100011110000101111110
000100011110000110001011
000100011110000101100111
000100011110000101101111
000100011110000101110001
000100011110000101110110
000100011110000110000011
000100011110000101111101
000100011110000110001111
000100011110000110001000
000100011110000110010111
000100011110000101111000
000100011110000101110101
000100011110000101111000
000100011110000110000010
000100011110000110000111
000100011110000110000010
000100011110000101101100
000100011110000101111101
000100011110000110001101
000100011110000101110111
000100011110000101111010
000100011110000110000100
000100011110000110000111
000100011110000101110101
000100011110000101110110
000100011110000110000000
000100011110000110000000
000100011110000101110100
000100011110000101101010
000100011110000110000011
000100011110000101111101
000100011110000110001001
000100011110000110000111
000100011110000110001111
000100011110000110100010
000100011110000110000111
000100011110000101110011
000100011110000101111011
000100011110000101111101
000100011110000110100001
000100011110000110011010
000100011110000101111110
000100011110000110000010
000100011110000101111110
000100011110000110000110
000100011110000110010100
000100011110000110001010
000100011110000110000011
000100011110000110000101
000100011110000110011100
000100011110000110010000
000100011110000110001010
000100011110000110010001
000100011110000110001100
000100011110000101111100
000100011110000110000111
000100011110000110010001
000100011110000110001010
000100011110000110100110
000100011110000110011001
000100011110000110000110
000100011110000110001111
000100011110000110000100
000100011110000110001110
000100011110000110000010
000100011110000110010010
000100011110000110010010
000100011110000110011000
000100011110000110100000
000100011110000110010111
000100011110000110010001
000100011110000110010011
000100011110000110010110
000100011110000110011001
000100011110000110011100
000100011110000110010111
000100011110000110001111
000100011110000110001110
000100011110000110010101
000100011110000110010010
000100011110000110001111
000100011110000110001001
000100011110000101011111
000100011110000101100110
000100011110000110001011
000100011110000110011001
000100011110000110011001
000100011110000110110001
000100011110000110010101
000100011110000110001001
000100011110000101111000
000100011110000101111011
000100011110000110001110
000100011110000110011011
000100011110000110100000
000100011110000110011111
000100011110000110100101
000100011110000110100011
000100011110000110010011
000100011110000110011010
000100011110000110001100
000100011110000101111100
000100011110000110001111
000100011110000110010101
000100011110000110001001
000100011110000110000010
000100011110000110010101
000100011110000110111000
000100011110000110100000
000100011110000110001110
000100011110000110001110
000100011110000110100001
000100011110000110100111
000100011110000110001111
000100011110000110001110
000100011110000110100110
000100011110000110110001
000100011110000110111000
000100011110000110101000
000100011110000110100111
000100011110000110101011
000100011110000110100001
000100011110000110101011
000100011110000110100000
000100011110000110110000
000100011110000110110101
000100011110000110101011
000100011110000110101101
000100011110000110010101
000100011110000110100000
000100011110000110110001
000100011110000110011110
000100011110000110011010
000100011110000110101110
000100011110000110110100
000100011110000111000000
000100011110000110111000
000100011110000111000000
000100011110000110111000
000100011110000110100001
000100011110000110100011
000100011110000110011001
000100011110000110001001
000100011110000110100100
000100011110000110100010
000100011110000110100001
000100011110000110110011
000100011110000111001011
000100011110000111000000
000100011110000110110001
000100011110000110101000
000100011110000110011101
000100011110000110100010
000100011110000110100100
000100011110000110101011
000100011110000110111110
000100011110000110110111
000100011110000110111010
000100011110000111000010
000100011110000111000100
000100011110000110111101
000100011110000110101110
000100011110000110100001
000100011110000110100011
000100011110000110110110
000100011110000111000011
000100011110000110101001
000100011110000110011111
000100011110000110101110
000100011110000110101111
000100011110000110101001
000100011110000110100000
000100011110000110101011
000100011110000110100000
000100011110000110110010
000100011110000111010110
000100011110000110111110
000100011110000110100011
000100011110000110101101
000100011110000110101010
000100011110000110110111
000100011110000110101110
000100011110000110100111
000100011110000110110110
000100011110000110110101
000100011110000110111000
000100011110000111000111
000100011110000110111000
000100011110000110110111
000100011110000110101010
000100011110000110100110
000100011110000110111001
000100011110000111000001
000100011110000110111001
000100011110000110111100
000100011110000111000001
000100011110000110110001
000100011110000110101101
000100011110000110110011
000100011110000110101011
000100011110000110100110
000100011110000110110111
000100011110000111100000
000100011110000111011100
000100011110000110110101
000100011110000110101110
000100011110000110111001
000100011110000111001011
000100011110000111100000
000100011110000111011110
000100011110000110111110
000100011110000111001011
000100011110000111001110
000100011110000110110101
000100011110000110110001
000100011110000111000000
000100011110000111000111
000100011110000110100111
000100011110000110100011
000100011110000110110111
000100011110000111000101
000100011110000111000000
000100011110000111000000
000100011110000110110100
000100011110000110101011
000100011110000111001001
000100011110000111000101
000100011110000110110010
000100011110000111001110
000100011110000111010100
000100011110000111001001
000100011110000111010100
000100011110000111010110
000100011110000111011101
000100011110000111100000
000100011110000111010101
000100011110000111010010
000100011110000110111111
000100011110000110111101
000100011110000111001000
000100011110000111001011
000100011110000111011001
000100011110000111010101
000100011110000111000011
000100011110000111001011
000100011110000111001110
000100011110000111010010
000100011110000110111101
000100011110000110111101
000100011110000110111000
000100011110000111000111
000100011110000111010101
000100011110000111010110
000100011110000111001110
000100011110000111001100
000100011110000111000000
000100011110000110111011
000100011110000111000010
000100011110000111000001
000100011110000111000110
000100011110000111011000
000100011110000111100100
000100011110000111010110
000100011110000111011101
000100011110000111011101
000100011110000111100000
000100011110000111101110
000100011110000111111001
000100011110000111110011
000100011110000111110010
000100011110000111011001
000100011110000111011001
000100011110000111010010
000100011110000111000111
000100011110000111011001
000100011110000111011010
000100011110000111100100
000100011110000111100010
000100011110000111101001
000100011110000111110000
000100011110000111100000
000100011110000111001110
000100011110000110111110
000100011110000111001101
000100011110000111011110
000100011110000111011001
000100011110000111110001
000100011110000111101111
000100011110000111101000
000100011110001000010111
000100011110001000010011
000100011110000111110001
000100011110000111000101
000100011110000111011110
000100011110000111101101
000100011110000111010011
000100011110000111010101
000100011110000111011111
000100011110000111101101
000100011110000111100010
000100011110000111011100
000100011110000111011000
000100011110000111011110
000100011110000111100001
000100011110000111101000
000100011110000111110000
000100011110000111101001
000100011110000111011100
000100011110000111010101
000100011110000111100001
000100011110001000000011
000100011110001000001001
000100011110000111110010
000100011110000111100000
000100011110000111010011
000100011110000111100111
000100011110000111100100
000100011110000111100100
000100011110000111011011
000100011110000111101000
000100011110001000000011
000100011110000111101110
000100011110000111101001
000100011110000111110001
000100011110000111011011
000100011110000111001111
000100011110000111110001
000100011110000111101101
000100011110000111101100
000100011110000111111110
000100011110000111111110
000100011110001000000010
000100011110000111110000
000100011110000111111011
000100011110001000010000
000100011110001000001000
000100011110001000000100
000100011110000111111001
000100011110001000000100
000100011110001000000111
000100011110001000001011
000100011110001000011010
000100011110000111111101
000100011110001000001011
000100011110001000011001
000100011110001000001110
000100011110001000001010
000100011110001000000100
000100011110001000001110
000100011110001000010110
000100011110000111111010
000100011110000111110001
000100011110000111111111
000100011110001000010110
000100011110001000010001
000100011110000111111000
000100011110001000000000
000100011110001000010110
000100011110001000011010
000100011110001000010000
000100011110000111111101
000100011110001000010011
000100011110001000011010
000100011110001000011101
000100011110001000010101
000100011110001000001110
000100011110001000010000
000100011110001000010000
000100011110001000010001
000100011110001000011010
000100011110001000100001
000100011110001000010101
000100011110001000001110
000100011110001000000100
000100011110001000010001
000100011110001000011010
000100011110001000010111
000100011110001000001100
000100011110001000001111
000100011110001000010111
000100011110001000011010
000100011110001000010001
000100011110001000010100
000100011110001000010111
000100011110001000010011
000100011110001000100001
000100011110001000100010
000100011110001000011010
000100011110001000011000
000100011110001000100100
000100011110001000100111
000100011110001000100001
000100011110001000100100
000100011110001000100101
000100011110001000101001
000100011110001000110101
000100011110001000111010
000100011110001000100101
000100011110001000011111
000100011110001000011010
000100011110001000101001
000100011110001000101100
000100011110001000110010
000100011110001000110110
000100011110001000101000
000100011110001000101100
000100011110001000100111
000100011110001000100011
000100011110001000101001
000100011110001000100001
000100011110001000001000
000100011110001000010101
000100011110001000011101
000100011110001000101011
000100011110001000011010
000100011110001000100110
000100011110001000110101
000100011110001000101100
000100011110001000110101
000100011110001000111110
000100011110001001001011
000100011110001000110101
000100011110001000101001
000100011110001000101110
000100011110001000100100
000100011110001000101111
000100011110001000100100
000100011110001000011100
000100011110001000100101
000100011110001000100000
000100011110001000011101
000100011110001000010100
000100011110001000011001
000100011110001000011001
000100011110001000011011
000100011110001000011100
000100011110001000001111
000100011110001000010111
000100011110001000010011
000100011110001000010010
000100011110001000100001
000100011110001000110011
000100011110001000111010
000100011110001001000101
000100011110001000111001
000100011110001000011101
000100011110001000001011
000100011110001000101111
000100011110001000111111
000100011110001000101011
000100011110001000110100
000100011110001000111101
000100011110001001001011
000100011110001000110011
000100011110001000111111
000100011110001001011001
000100011110001000111111
000100011110001000100100
000100011110001000101110
000100011110001001001111
000100011110001000111100
000100011110001000101110
000100011110001000110001
000100011110001000110100
000100011110001000110110
000100011110001000111110
000100011110001001001101
000100011110001001001100
000100011110001000110100
000100011110001000110001
000100011110001000111010
000100011110001000101100
000100011110001000100010
000100011110001000111010
000100011110001001001000
000100011110001000111101
000100011110001000111010
000100011110001000101011
000100011110001000011101
000100011110001000111011
000100011110001000111101
000100011110001000111000
000100011110001000101100
000100011110001000110011
000100011110001000111101
000100011110001001000000
000100011110001001001001
000100011110001001000111
000100011110001001001111
000100011110001001100101
000100011110001001011100
000100011110001001011000
000100011110001001100110
000100011110001001010010
000100011110001000111111
000100011110001001001100
000100011110001001001000
000100011110001000111010
000100011110001001001011
000100011110001001100010
000100011110001001001011
000100011110001001000101
000100011110001001010010
000100011110001001001101
000100011110001000111111
000100011110001001000000
000100011110001001000101
000100011110001001000110
000100011110001000110110
000100011110001001000111
000100011110001001011001
000100011110001001010001
000100011110001000110110
000100011110001001001010
000100011110001001100110
000100011110001001001110
000100011110001001000001
000100011110001001000001
000100011110001001001100
000100011110001001001100
000100011110001001010000
000100011110001001010111
000100011110001001011001
000100011110001001011010
000100011110001001001111
000100011110001000110101
000100011110001000100111
000100011110001000111000
000100011110001001000110
000100011110001001010011
000100011110001001101011
000100011110001001101011
000100011110001001101111
000100011110001001000101
000100011110001001010111
000100011110001001010100
000100011110001001000101
000100011110001000101010
000100011110001001000011
000100011110001001000101
000100011110001001011010
000100011110001001011101
000100011110001001000001
000100011110001001000001
000100011110001001001010
000100011110001000111101
000100011110001001011000
000100011110001001101100
000100011110001001101000
000100011110001000111110
000100011110001001010011
000100011110001001001111
000100011110001001001010
000100011110001000110001
000100011110001001000110
000100011110001001010101
000100011110001001000100
000100011110001000111111
000100011110001001001001
000100011110001001011010
000100011110001001011010
000100011110001001011001
000100011110001001011001
000100011110001001011010
000100011110001001010111
000100011110001000111001
000100011110001000111100
000100011110001001010100
000100011110001001010110
000100011110001001000110
000100011110001001000001
000100011110001001001001
000100011110001001001011
000100011110001001001101
000100011110001001001101
000100011110001001001110
000100011110001001100110
000100011110001001101001
000100011110001001010111
000100011110001001001001
000100011110001001001100
000100011110001001001000
000100011110001001001101
000100011110001001011001
000100011110001001010011
000100011110001001010101
000100011110001001100011
000100011110001001100000
000100011110001001100010
000100011110001001110000
000100011110001001111010
000100011110001001110111
000100011110001001110000
000100011110001001101100
000100011110001001011111
000100011110001001100001
000100011110001001001111
000100011110001001000001
000100011110001001010001
000100011110001001101100
000100011110001001101000
000100011110001001101100
000100011110001001101000
000100011110001001010000
000100011110001001100101
000100011110001001101000
000100011110001001100100
000100011110001001100001
000100011110001001011000
000100011110001001001100
000100011110001000111110
000100011110001000111001
000100011110001001010111
000100011110001001100101
000100011110001001100011
000100011110001001001100
000100011110001001001000
000100011110001001011000
000100011110001001011111
000100011110001001101000
000100011110001001101010
000100011110001001101100
000100011110001001001101
000100011110001001000101
000100011110001001001111
000100011110001000110110
000100011110001001000111
000100011110001001010101
000100011110001001000001
000100011110001001011010
000100011110001001101111
000100011110001001101000
000100011110001001011000
000100011110001001000001
000100011110001001001010
000100011110001001010010
000100011110001001001000
000100011110001000111101
000100011110001001101000
000100011110001001100101
000100011110001001100010
000100011110001010000000
000100011110001001101011
000100011110001001010001
000100011110001000111111
000100011110001001010111
000100011110001001011101
000100011110001001100101
000100011110001001110000
000100011110001001101110
000100011110001001110100
000100011110001010001001
000100011110001001101111
000100011110001001100101
000100011110001001011110
000100011110001001011001
000100011110001001001010
000100011110001001010110
000100011110001001000010
000100011110001001001100
000100011110001001000101
000100011110001001000110
000100011110001001001010
000100011110001001001110
000100011110001001001110
000100011110001001010011
000100011110001001100010
000100011110001001011001
000100011110001001100011
000100011110001001100000
000100011110001001100001
000100011110001001011100
000100011110001001011010
000100011110001001011010
000100011110001001010001
000100011110001001000101
000100011110001001000110
000100011110001001001100
000100011110001001010000
000100011110001001010011
000100011110001001010010
000100011110001001101010
000100011110001001111101
000100011110001010001100
000100011110001010000110
000100011110001001110000
000100011110001001110001
000100011110001001111010
000100011110001001110000
000100011110001001011110
000100011110001001001110
000100011110001001001001
000100011110001001101000
000100011110001001100101
000100011110001001001111
000100011110001001010000
000100011110001001001000
000100011110001001010111
000100011110001001010011
000100011110001001001111
000100011110001001101111
000100011110001001101101
000100011110001001101011
000100011110001001100000
000100011110001001100010
000100011110001001001001
000100011110001001011010
000100011110001001110011
000100011110001010000000
000100011110001001111010
000100011110001001100101
000100011110001001101100
000100011110001001101100
000100011110001001101111
000100011110001001100111
000100011110001001100010
000100011110001001110111
000100011110001001110111
000100011110001001110010
000100011110001001101010
000100011110001010000101
000100011110001001111010
000100011110001001101000
000100011110001001111100
000100011110001001110111
000100011110001001101100
000100011110001001110000
000100011110001001100101
000100011110001001101111
000100011110001001110011
000100011110001001111101
000100011110001001110011
000100011110001001011100
000100011110001001011110
000100011110001001100100
000100011110001010000011
000100011110001010011011
000100011110001010001011
000100011110001001111101
000100011110001010000101
000100011110001010010001
000100011110001010000000
000100011110001010000101
000100011110001001111110
000100011110001001011010
000100011110001001110000
000100011110001001111000
000100011110001001011001
000100011110001001100000
000100011110001010000101
000100011110001010011001
000100011110001010010111
000100011110001010001010
000100011110001001110000
000100011110001001100001
000100011110001001101110
000100011110001010000010
000100011110001001111110
000100011110001001111010
000100011110001001111000
000100011110001001111110
000100011110001010000100
000100011110001001100110
000100011110001001101100
000100011110001010000110
000100011110001001100001
000100011110001001100110
000100011110001001101111
000100011110001010000011
000100011110001010000001
000100011110001001110110
000100011110001001111101
000100011110001010000011
000100011110001001111111
000100011110001001110011
000100011110001001110100
000100011110001010001010
000100011110001010000011
000100011110001010000110
000100011110001010000001
000100011110001001110000
000100011110001001100101
000100011110001010000010
000100011110001010000111
000100011110001010001101
000100011110001010000101
000100011110001001111010
000100011110001001111101
000100011110001010011001
000100011110001010011010
000100011110001010010100
000100011110001010001000
000100011110001010001011
000100011110001001111100
000100011110001001110110
000100011110001010000000
000100011110001010000110
000100011110001010000010
000100011110001010000101
000100011110001010010001
000100011110001010010011
000100011110001010000101
000100011110001001111110
000100011110001010000001
000100011110001001111111
000100011110001010000101
000100011110001010010111
000100011110001010010011
000100011110001010011100
000100011110001010001000
000100011110001001110111
000100011110001001110011
000100011110001001011110
000100011110001001100100
000100011110001001110101
000100011110001010001000
000100011110001010000111
000100011110001001111110
000100011110001001110010
000100011110001010000010
000100011110001010000110
000100011110001010010110
000100011110001010011010
000100011110001010010001
000100011110001001111111
000100011110001010001110
000100011110001010000010
000100011110001001110011
000100011110001001111111
000100011110001010010100
000100011110001001111110
000100011110001001111010
000100011110001010001100
000100011110001010101001
000100011110001010010011
000100011110001010000001
000100011110001010000010
000100011110001010001100
000100011110001010000011
000100011110001010000001
000100011110001001111010
000100011110001010000000
000100011110001001111010
000100011110001010011011
000100011110001010000010
000100011110001010001101
000100011110001001111101
000100011110001001111110
000100011110001010000100
000100011110001010001011
000100011110001001111010
000100011110001010001001
000100011110001010011110
000100011110001010000101
000100011110001010000010
000100011110001010001100
000100011110001010010011
000100011110001001111011
000100011110001001111000
000100011110001001100100
000100011110001001010000
000100011110001001100010
000100011110001010001111
000100011110001010000001
000100011110001001111000
000100011110001010000100
000100011110001010010100
000100011110001010000101
000100011110001010000111
000100011110001010000000
000100011110001010001101
000100011110001010001111
000100011110001001111010
000100011110001001111001
000100011110001001110110
000100011110001001110101
000100011110001010000110
000100011110001010010000
000100011110001010010011
000100011110001010101001
000100011110001010110010
000100011110001010100010
000100011110001010000111
000100011110001001110010
000100011110001010000010
000100011110001010001110
000100011110001010000101
000100011110001010001001
000100011110001010010011
000100011110001010000011
000100011110001001110010
000100011110001001110010
000100011110001010001000
000100011110001010011100
000100011110001010010000
000100011110001010000101
000100011110001010000011
000100011110001010001111
000100011110001010001100
000100011110001010001111
000100011110001010000101
000100011110001001111001
000100011110001010010100
000100011110001010100111
000100011110001010001010
000100011110001010000111
000100011110001010011000
000100011110001010011101
000100011110001010011000
000100011110001010010101
000100011110001010000010
000100011110001001110011
000100011110001010001100
000100011110001010010001
000100011110001010011110
000100011110001010010010
000100011110001010000110
000100011110001010001001
000100011110001001111110
000100011110001001111110
000100011110001010001000
000100011110001001111101
000100011110001010000101
000100011110001010100111
000100011110001010010001
000100011110001010010011
000100011110001010101100
000100011110001010011100
000100011110001010010111
000100011110001010011110
000100011110001010010111
000100011110001010100010
000100011110001010101100
000100011110001010100010
000100011110001010010010
000100011110001010000101
000100011110001001111111
000100011110001010101111
000100011110001011000011
000100011110001001111110
000100011110001010000011
000100011110001010001001
000100011110001001101100
000100011110001001111011
000100011110001010000000
000100011110001001111000
000100011110001010001010
000100011110001010000010
000100011110001010011011
000100011110001010100000
000100011110001010010111
000100011110001010101001
000100011110001010101001
000100011110001010101100
000100011110001010101110
000100011110001010010000
000100011110001010100010
000100011110001010100001
000100011110001010011100
000100011110001010011111
000100011110001010001111
000100011110001001111000
000100011110001001111010
000100011110001010010010
000100011110001010001100
000100011110001010000101
000100011110001010010100
000100011110001010011100
000100011110001010001001
000100011110001001110011
000100011110001010000101
000100011110001001110111
000100011110001001110010
000100011110001010100011
000100011110001010101101
000100011110001010011110
000100011110001010100011
000100011110001010100000
000100011110001010100011
000100011110001010011011
000100011110001010001001
000100011110001010010011
000100011110001010101101
000100011110001010101011
000100011110001010100000
000100011110001001111110
000100011110001010010001
000100011110001010010111
000100011110001001111001
000100011110001010000000
000100011110001010001100
000100011110001010000010
000100011110001010001010
000100011110001010100011
000100011110001010111101
000100011110001010100100
000100011110001010010001
000100011110001010010100
000100011110001010110000
000100011110001010110001
000100011110001010110011
000100011110001001111000
000100011110001001110100
000100011110001010100010
000100011110001010011010
000100011110001010010011
000100011110001010010011
000100011110001010010011
000100011110001010011001
000100011110001010010001
000100011110001010011110
000100011110001010101000
000100011110001010100000
000100011110001010011011
000100011110001010011001
000100011110001010001111
000100011110001010010111
000100011110001010011110
000100011110001010011000
000100011110001010010111
000100011110001010101101
000100011110001010110010
000100011110001010100110
000100011110001010101001
000100011110001010001100
000100011110001010010010
000100011110001010010011
000100011110001010010000
000100011110001010100100
000100011110001010101101
000100011110001010011110
000100011110001010010101
000100011110001010101000
000100011110001010110101
000100011110001010011100
000100011110001010101010
000100011110001010101001
000100011110001010101000
000100011110001010101101
000100011110001010011110
000100011110001010011110
000100011110001010010011
000100011110001010101011
000100011110001010011111
000100011110001010110000
000100011110001010110011
000100011110001010010001
000100011110001010010110
000100011110001010111110
000100011110001010100110
000100011110001010011010
000100011110001010101001
000100011110001010011110
000100011110001010101000
000100011110001010100100
000100011110001010110010
000100011110001010111001
000100011110001010111111
000100011110001010100101
000100011110001010010110
000100011110001010111011
000100011110001010110000
000100011110001010010011
000100011110001010101110
000100011110001010110000
000100011110001010010111
000100011110001010101010
000100011110001010101001
000100011110001010100101
000100011110001010110000
000100011110001010110100
000100011110001010100011
000100011110001010110000
000100011110001010101110
000100011110001010101101
000100011110001010110011
000100011110001010100001
000100011110001010100001
000100011110001010011010
000100011110001010101000
000100011110001010101011
000100011110001010100000
000100011110001010100010
000100011110001010100111
000100011110001010110000
000100011110001010101000
000100011110001010101001
000100011110001010101101
000100011110001010100010
000100011110001010010001
000100011110001001110101
000100011110001010010100
000100011110001010101011
000100011110001010110000
000100011110001010110001
000100011110001010100111
000100011110001010011110
000100011110001010100101
000100011110001010100101
000100011110001010100111
000100011110001010111101
000100011110001010111010
000100011110001010100011
000100011110001010111111
000100011110001010110001
000100011110001010100001
000100011110001010001100
000100011110001010100001
000100011110001010111101
000100011110001010101101
000100011110001010001100
000100011110001010011010
000100011110001010000101
000100011110001010010011
000100011110001010001011
000100011110001010100010
000100011110001010100101
000100011110001010101010
000100011110001011000010
000100011110001010111011
000100011110001010101110
000100011110001010101001
000100011110001010010000
000100011110001010101001
000100011110001010100100
000100011110001010010100
000100011110001010011001
000100011110001010000101
000100011110001010100010
000100011110001010110001
000100011110001010101111
000100011110001010101001
000100011110001001111110
000100011110001010001100
000100011110001010010010
000100011110001010100001
000100011110001010100110
000100011110001010100101
000100011110001010100101
000100011110001010011011
000100011110001010010111
000100011110001010111000
000100011110001011000100
000100011110001010101001
000100011110001010111011
000100011110001011001001
000100011110001010111100
000100011110001010110011
000100011110001010101101
000100011110001010110011
000100011110001010110010
000100011110001010100101
000100011110001010111011
000100011110001011011011
000100011110001011001011
000100011110001010101110
000100011110001011010000
000100011110001011001101
000100011110001011000110
000100011110001011001011
000100011110001010111011
000100011110001011001011
000100011110001011011000
000100011110001011011101
000100011110001011010011
000100011110001011010000
000100011110001011100001
000100011110001011101000
000100011110001011000000
000100011110001011000010
000100011110001011100001
000100011110001011011011
000100011110001011100001
000100011110001011010101
000100011110001010111001
000100011110001010111111
000100011110001011010000
000100011110001011011011
000100011110001011001101
000100011110001011001111
000100011110001011010011
000100011110001011001101
000100011110001011010100
000100011110001011011100
000100011110001011100100
000100011110001011100011
000100011110001011011111
000100011110001011011001
000100011110001011100100
000100011110001011001101
000100011110001011100010
000100011110001011101111
000100011110001011011011
000100011110001011101011
000100011110001011101000
000100011110001011111010
000100011110001011111111
000100011110001011101110
000100011110001011011111
000100011110001011110100
000100011110001100010001
000100011110001100000001
000100011110001100000011
000100011110001100001010
000100011110001100000111
000100011110001100010101
000100011110001011111011
000100011110001011111000
000100011110001011111111
000100011110001100000010
000100011110001011111111
000100011110001011110011
000100011110001011101010
000100011110001011100111
000100011110001011100110
000100011110001011110111
000100011110001011111111
000100011110001100001100
000100011110001100001011
000100011110001011111001
000100011110001100000101
000100011110001100001011
000100011110001011111000
000100011110001100001010
000100011110001100010110
000100011110001100001000
000100011110001100010001
000100011110001011111000
000100011110001011111010
000100011110001011111100
000100011110001100001011
000100011110001100011000
000100011110001100010001
000100011110001100010000
000100011110001100001111
000100011110001011100111
000100011110001011101011
000100011110001011111000
000100011110001011111000
000100011110001100000101
000100011110001100100000
000100011110001100001101
000100011110001100000011
000100011110001100011111
000100011110001100011110
000100011110001100101000
000100011110001100001100
000100011110001011111011
000100011110001100011101
000100011110001100110111
000100011110001100101110
000100011110001100001100
000100011110001100011000
000100011110001100111100
000100011110001100111011
000100011110001100010110
000100011110001100101010
000100011110001100101000
000100011110001100010101
000100011110001100001010
000100011110001011110001
000100011110001011100111
000100011110001100001100
000100011110001100001000
000100011110001100011111
000100011110001100101110
