1169296
1169292
1169287
1169285
1169287
1169278
1169265
1169296
1169297
1169301
1169315
1169299
1169313
1169323
1169321
1169318
1169311
1169328
1169339
1169340
1169336
1169338
1169345
1169342
1169372
1169360
1169342
1169334
1169343
1169347
1169364
1169387
1169366
1169353
1169349
1169366
1169383
1169386
1169345
1168629
1168418
1169261
1169490
1169443
1169399
1169382
1169400
1169334
1168780
1168207
1168221
1167224
1164850
1160324
1151937
1141966
1132432
1125996
1124649
1125909
1126198
1125570
1125615
1125345
1125174
1124912
1125114
1125454
1125309
1125954
1130531
1147936
1169069
1174015
1173920
1173908
1173913
1173883
1173865
1173864
1173850
1173828
1173838
1173835
1173813
1173819
1173814
1173814
1173789
1173767
1173801
1173807
1173791
1173793
1173792
1173760
1173666
1173416
1173328
1173341
1173556
1173342
1173406
1173273
1173076
1172155
1170418
1168068
1165342
1164516
1166582
1162892
1149509
1130008
1112078
1104131
1102944
1105697
1106985
1108371
1114527
1118663
1118226
1116952
1116076
1115353
1114999
1113269
1114064
1117474
1119849
1121892
1125348
1126931
1127049
1128167
1130390
1135557
1146234
1159048
1167043
1169495
1169819
1169841
1169885
1169908
1169914
1169938
1169927
1169941
1169946
1169949
1169973
1169985
1169966
1169995
1170002
1170008
1170027
1170035
1170063
1170079
1170042
1170034
1170050
1170071
1170063
1170057
1170073
1170070
1170084
1170084
1170069
1170098
1170127
1170127
1170127
1170118
1170121
1170101
1170116
1170138
1170133
1170144
1170166
1170174
1170148
1170176
1170170
1170164
1170174
1170181
1170169
1170161
1170176
1170205
1170206
1170197
1170209
1170206
1170224
1170236
1170237
1170224
1170230
1170239
1170234
1170235
1170251
1170247
1170240
1170246
1170256
1170267
1170261
1170285
1170284
1170276
1170303
1170300
1170320
1170332
1170306
1170310
1170314
1170324
1170309
1170324
1170329
1170298
1170314
1170337
1170320
1170326
1170317
1170318
1170310
1170328
1170345
1170335
1170356
1170375
1170357
1170369
1170392
1170360
1170360
1170381
1170388
1170386
1170388
1170367
1170391
1170406
1170410
1170424
1170425
1170409
1170412
1170423
1170426
1170432
1170444
1170417
1170410
1170410
1170428
1170446
1170457
1170453
1170458
1170474
1170464
1170477
1170470
1170479
1170471
1170513
1170519
1170515
1170522
1170500
1170500
1170528
1170543
1170537
1170495
1170502
1170525
1170524
1170556
1170553
1170542
1170575
1170561
1170582
1170609
1170584
1170618
1170601
1170580
1170575
1170571
1170594
1170620
1170621
1170615
1170625
1170611
1170607
1170629
1170645
1170626
1170638
1170639
1170648
1170636
1170635
1170657
1170655
1170640
1170662
1170647
1170647
1170654
1170658
1170696
1170685
1170689
1170672
1170674
1170698
1170702
1170679
1170687
1170704
1170704
1170705
1170691
1170700
1170744
1170751
1170731
1170743
1170727
1170716
1170733
1170758
1170759
1170712
1170745
1170772
1170762
1170773
1170769
1170782
1170777
1170802
1170792
1170769
1170795
1170815
1170838
1170847
1170807
1170784
1170802
1170814
1170817
1170802
1170794
1170800
1170818
1170822
1170808
1170815
1170818
1170822
1170828
1170836
1170839
1170846
1170857
1170874
1170880
1170869
1170913
1170897
1170886
1170908
1170903
1170864
1170879
1170890
1170899
1170893
1170908
1170906
1170878
1170890
1170914
1170931
1170972
1170955
1170926
1170915
1170906
1170943
1170976
1170978
1170985
1170959
1170937
1170934
1170958
1170950
1170963
1170981
1171001
1170988
1170974
1170958
1170946
1170976
1170963
1170958
1170987
1170983
1170972
1170990
1170969
1170955
1170969
1170970
1170987
1170996
1170993
1171005
1171022
1170996
1170985
1170993
1171001
1171024
1171002
1170998
1171026
1171005
1171002
1170996
1171003
1171002
1170994
1171003
1171017
1171021
1171008
1171007
1171025
1171030
1171011
1170990
1171011
1171005
1171013
1171018
1171019
1171008
1170994
1171031
1171094
1171101
1171048
1171055
1171096
1171075
1171087
1171077
1171074
1171100
1171116
1171079
1171054
1171112
1171150
1171123
1171141
1171153
1171140
1171162
1171141
1171114
1171112
1171130
1171132
1171128
1171134
1171142
1171177
1171167
1171159
1171160
1171152
1171130
1171162
1171195
1171179
1171176
1171182
1171168
1171184
1171184
1171195
1171211
1171217
1171209
1171212
1171227
1171228
1171235
1171205
1171220
1171243
1171231
1171225
1171263
1171277
1171252
1171252
1171241
1171238
1171252
1171290
1171291
1171274
1171271
1171245
1171253
1171264
1171255
1171256
1171273
1171283
1171283
1171283
1171289
1171292
1171277
1171281
1171302
1171284
1171291
1171279
1171284
1171284
1171317
1171318
1171292
1171281
1171300
1171307
1171309
1171330
1171326
1171309
1171319
1171329
1171322
1171335
1171324
1171321
1171331
1171331
1171342
1171360
1171348
1171333
1171327
1171355
1171335
1171338
1171362
1171341
1171345
1171341
1171360
1171369
1171374
1171378
1171385
1171380
1171395
1171413
1171401
1171372
1171379
1171397
1171394
1171395
1171403
1171376
1171371
1171392
1171406
1171393
1171382
1171395
1171399
1171388
1171381
1171398
1171397
1171383
1171406
1171438
1171428
1171422
1171455
1171421
1171404
1171429
1171414
1171416
1171421
1171410
1171416
1171423
1171437
1171439
1171424
1171413
1171420
1171424
1171460
1171452
1171417
1171435
1171435
1171448
1171463
1171445
1171440
1171456
1171470
1171453
1171451
1171457
1171458
1171458
1171446
1171463
1171455
1171464
1171487
1171503
1171478
1171481
1171453
1171465
1171476
1171470
1171464
1171492
1171476
1171454
1171465
1171486
1171496
1171493
1171492
1171508
1171528
1171549
1171529
1171501
1171493
1171488
1171513
1171515
1171503
1171519
1171534
1171544
1171542
1171512
1171514
1171524
1171540
1171528
1171542
1171539
1171525
1171545
1171550
1171540
1171556
1171563
1171555
1171522
1171524
1171553
1171546
1171558
1171569
1171537
1171516
1171557
1171570
1171557
1171564
1171560
1171562
1171567
1171539
1171535
1171547
1171559
1171547
1171541
1171567
1171610
1171589
1171573
1171575
1171555
1171561
1171560
1171558
1171578
1171592
1171596
1171584
1171581
1171579
1171574
1171593
1171573
1171563
1171589
1171600
1171581
1171570
1171566
1171578
1171614
1171612
1171588
1171561
1171582
1171610
1171580
1171567
1171596
1171618
1171606
1171607
1171607
1171605
1171594
1171592
1171628
1171638
1171635
1171655
1171633
1171610
1171632
1171643
1171637
1171639
1171617
1171634
1171634
1171610
1171582
1171583
1171622
1171613
1171629
1171642
1171631
1171617
1171610
1171630
1171624
1171638
1171642
1171621
1171623
1171647
1171661
1171639
1171626
1171650
1171653
1171638
1171634
1171652
1171656
1171660
1171646
1171616
1171608
1171624
1171632
1171629
1171660
1171643
1171644
1171652
1171637
1171666
1171667
1171637
1171635
1171653
1171659
1171664
1171650
1171644
1171660
1171664
1171664
1171670
1171652
1171658
1171651
1171660
1171647
1171656
1171670
1171691
1171696
1171672
1171677
1171663
1171680
1171678
1171647
1171658
1171660
1171671
1171694
1171690
1171662
1171651
1171670
1171691
1171688
1171660
1171691
1171711
1171696
1171703
1171703
1171703
1171700
1171681
1171693
1171685
1171692
1171712
1171729
1171716
1171711
1171703
1171722
1171706
1171678
1171710
1171723
1171729
1171730
1171722
1171727
1171718
1171714
1171703
1171711
1171725
1171744
1171739
1171724
1171701
1171700
1171716
1171725
1171725
1171751
1171748
1171735
1171694
1171697
1171715
1171708
1171710
1171725
1171737
1171737
1171730
1171715
1171718
1171713
1171709
1171721
1171744
1171748
1171739
1171719
1171750
1171766
1171755
1171737
1171743
1171727
1171721
1171737
1171750
1171728
1171736
1171739
1171752
1171754
1171746
1171772
1171775
1171750
1171750
1171742
1171739
1171753
1171760
1171756
1171773
1171771
1171741
1171732
1171739
1171735
1171720
1171750
1171769
1171768
1171764
1171776
1171746
1171723
1171731
1171768
1171762
1171746
1171761
1171766
1171746
1171757
1171754
1171749
1171775
1171760
1171757
1171742
1171746
1171775
1171797
1171766
1171758
1171766
1171764
1171756
1171725
1171750
1171760
1171779
1171809
1171775
1171754
1171750
1171777
1171804
1171805
1171791
1171771
1171776
1171777
1171782
1171791
1171758
1171751
1171758
1171766
1171772
1171755
1171747
1171750
1171779
1171771
1171797
1171804
1171797
1171794
1171782
1171770
1171787
1171779
1171759
1171767
1171779
1171793
1171774
1171759
1171795
1171797
1171797
1171802
1171808
1171792
1171790
1171795
1171809
1171831
1171811
1171789
1171793
1171779
1171802
1171825
1171808
1171783
1171775
1171789
1171801
1171813
1171783
1171772
1171794
1171815
1171800
1171773
1171773
1171774
1171805
1171841
1171806
1171794
1171806
1171825
1171805
1171829
1171833
1171788
1171807
1171832
1171806
1171817
1171822
1171839
1171857
1171864
1171857
1171841
1171822
1171818
1171822
1171829
1171822
1171804
1171819
1171829
1171838
1171829
1171838
1171843
1171822
1171804
1171823
1171854
1171874
1171850
1171808
1171810
1171829
1171817
1171827
1171806
1171838
1171851
1171815
1171823
1171825
1171830
1171843
1171837
1171855
1171848
1171863
1171832
1171829
1171832
1171842
1171847
1171842
1171820
1171837
1171853
1171831
1171834
1171844
1171847
1171829
1171830
1171840
1171840
1171828
1171818
1171843
1171837
1171849
1171847
1171855
1171874
1171847
1171827
1171835
1171837
1171873
1171866
1171838
1171842
1171838
1171846
1171860
1171850
1171843
1171845
1171868
1171856
1171850
1171857
1171852
1171836
1171847
1171857
1171850
1171878
1171865
1171846
1171855
1171844
1171854
1171842
1171858
1171858
1171864
1171872
1171863
1171857
1171859
1171862
1171865
1171868
1171863
1171855
1171854
1171861
1171858
1171855
1171849
1171807
1171814
1171851
1171865
1171865
1171889
1171861
1171849
1171832
1171835
1171854
1171867
1171872
1171871
1171877
1171875
1171859
1171866
1171852
1171836
1171855
1171861
1171849
1171842
1171861
1171896
1171872
1171854
1171854
1171873
1171879
1171855
1171854
1171878
1171889
1171896
1171880
1171879
1171883
1171873
1171883
1171872
1171888
1171893
1171883
1171885
1171861
1171872
1171889
1171870
1171866
1171886
1171892
1171904
1171896
1171904
1171896
1171873
1171875
1171865
1171849
1171876
1171874
1171873
1171891
1171915
1171904
1171889
1171880
1171869
1171874
1171876
1171883
1171902
1171895
1171898
1171906
1171908
1171901
1171886
1171873
1171875
1171894
1171907
1171881
1171871
1171886
1171887
1171881
1171872
1171883
1171872
1171890
1171926
1171902
1171875
1171885
1171882
1171895
1171886
1171879
1171894
1171893
1171896
1171911
1171896
1171895
1171882
1171878
1171897
1171905
1171897
1171900
1171905
1171889
1171885
1171891
1171883
1171878
1171895
1171936
1171932
1171893
1171886
1171897
1171915
1171936
1171934
1171902
1171915
1171918
1171893
1171889
1171904
1171911
1171879
1171875
1171895
1171909
1171904
1171904
1171892
1171883
1171913
1171909
1171890
1171918
1171924
1171913
1171924
1171926
1171933
1171936
1171925
1171922
1171903
1171901
1171912
1171915
1171929
1171925
1171907
1171915
1171918
1171922
1171901
1171901
1171896
1171911
1171925
1171926
1171918
1171916
1171904
1171899
1171906
1171905
1171910
1171928
1171940
1171926
1171933
1171933
1171936
1171950
1171961
1171955
1171954
1171929
1171929
1171922
1171911
1171929
1171930
1171940
1171938
1171945
1171952
1171936
1171918
1171902
1171917
1171934
1171929
1171953
1171951
1171944
1171991
1171987
1171953
1171909
1171934
1171949
1171923
1171925
1171935
1171949
1171938
1171932
1171928
1171934
1171937
1171944
1171952
1171945
1171932
1171925
1171937
1171971
1171977
1171954
1171936
1171923
1171943
1171940
1171940
1171931
1171944
1171971
1171950
1171945
1171953
1171931
1171919
1171953
1171949
1171948
1171966
1171966
1171970
1171952
1171963
1171984
1171976
1171972
1171961
1171972
1171975
1171979
1171994
1171965
1171979
1171993
1171982
1171978
1171972
1171982
1171990
1171962
1171953
1171967
1171990
1171985
1171960
1171968
1171990
1171994
1171984
1171965
1171987
1171994
1171997
1171989
1171982
1171984
1171984
1171985
1171994
1172001
1171989
1171982
1171972
1171985
1171994
1171991
1171980
1171983
1171991
1171994
1171985
1171988
1171991
1171987
1172001
1172002
1171994
1171992
1172004
1172007
1172001
1172004
1172005
1172009
1172021
1172026
1172005
1171999
1171994
1172009
1172012
1172018
1172022
1172008
1172012
1172007
1172003
1172009
1172001
1171976
1171989
1171997
1172011
1171994
1172006
1172021
1172012
1172021
1172030
1172043
1172021
1172009
1172014
1172004
1172015
1172004
1171996
1172005
1172000
1171997
1171988
1171993
1171993
1171995
1171996
1171983
1171991
1171987
1171986
1172001
1172019
1172026
1172037
1172025
1171997
1171979
1172015
1172031
1172011
1172020
1172029
1172043
1172019
1172031
1172057
1172031
1172004
1172014
1172047
1172028
1172014
1172017
1172020
1172022
1172030
1172045
1172044
1172020
1172017
1172026
1172012
1172002
1172026
1172040
1172029
1172026
1172011
1171997
1172027
1172029
1172024
1172012
1172019
1172029
1172032
1172041
1172039
1172047
1172069
1172060
1172056
1172070
1172050
1172031
1172044
1172040
1172026
1172043
1172066
1172043
1172037
1172050
1172045
1172031
1172032
1172037
1172038
1172022
1172039
1172057
1172049
1172022
1172042
1172070
1172046
1172033
1172033
1172044
1172044
1172048
1172055
1172057
1172058
1172047
1172021
1172007
1172024
1172038
1172051
1172075
1172075
1172079
1172037
1172055
1172052
1172037
1172010
1172035
1172037
1172058
1172061
1172033
1172033
1172042
1172029
1172056
1172076
1172072
1172030
1172051
1172047
1172042
1172017
1172038
1172053
1172036
1172031
1172041
1172058
1172058
1172057
1172057
1172058
1172055
1172025
1172028
1172052
1172054
1172038
1172033
1172041
1172043
1172045
1172045
1172046
1172070
1172073
1172055
1172041
1172044
1172040
1172045
1172057
1172051
1172053
1172067
1172064
1172066
1172080
1172090
1172087
1172080
1172076
1172063
1172065
1172047
1172033
1172049
1172076
1172072
1172076
1172072
1172048
1172069
1172072
1172068
1172065
1172056
1172044
1172030
1172025
1172055
1172069
1172067
1172044
1172040
1172056
1172063
1172072
1172074
1172076
1172045
1172037
1172047
1172022
1172039
1172053
1172033
1172058
1172079
1172072
1172056
1172033
1172042
1172050
1172040
1172029
1172072
1172069
1172066
1172096
1172075
1172049
1172031
1172055
1172061
1172069
1172080
1172078
1172084
1172105
1172079
1172069
1172062
1172057
1172042
1172054
1172034
1172044
1172037
1172038
1172042
1172046
1172046
1172051
1172066
1172057
1172067
1172064
1172065
1172060
1172058
1172058
1172049
1172037
1172038
1172044
1172048
1172051
1172050
1172074
1172093
1172108
1172102
1172080
1172081
1172090
1172080
1172062
1172046
1172041
1172072
1172069
1172047
1172048
1172040
1172055
1172051
1172047
1172079
1172077
1172075
1172064
1172066
1172041
1172058
1172083
1172096
1172090
1172069
1172076
1172076
1172079
1172071
1172066
1172087
1172087
1172082
1172074
1172101
1172090
1172072
1172092
1172087
1172076
1172080
1172069
1172079
1172083
1172093
1172083
1172060
1172062
1172068
1172099
1172123
1172107
1172093
1172101
1172113
1172096
1172101
1172094
1172058
1172080
1172088
1172057
1172064
1172101
1172121
1172119
1172106
1172080
1172065
1172078
1172098
1172094
1172090
1172088
1172094
1172100
1172070
1172076
1172102
1172065
1172070
1172079
1172099
1172097
1172086
1172093
1172099
1172095
1172083
1172084
1172106
1172099
1172102
1172097
1172080
1172069
1172098
1172103
1172109
1172101
1172090
1172093
1172121
1172122
1172116
1172104
1172107
1172092
1172086
1172096
1172102
1172098
1172101
1172113
1172115
1172101
1172094
1172097
1172095
1172101
1172119
1172115
1172124
1172104
1172087
1172083
1172062
1172068
1172085
1172104
1172103
1172094
1172082
1172098
1172102
1172118
1172122
1172113
1172095
1172110
1172098
1172083
1172095
1172116
1172094
1172090
1172108
1172137
1172115
1172097
1172098
1172108
1172099
1172097
1172090
1172096
1172090
1172123
1172098
1172109
1172093
1172094
1172100
1172107
1172090
1172105
1172126
1172101
1172098
1172108
1172115
1172091
1172088
1172068
1172048
1172066
1172111
1172097
1172088
1172100
1172116
1172101
1172103
1172096
1172109
1172111
1172090
1172089
1172086
1172085
1172102
1172112
1172115
1172137
1172146
1172130
1172103
1172082
1172098
1172110
1172101
1172105
1172115
1172099
1172082
1172082
1172104
1172124
1172112
1172101
1172099
1172111
1172108
1172111
1172101
1172089
1172116
1172135
1172106
1172103
1172120
1172125
1172120
1172117
1172098
1172083
1172108
1172113
1172126
1172114
1172102
1172105
1172094
1172094
1172104
1172093
1172101
1172135
1172113
1172115
1172140
1172124
1172119
1172126
1172119
1172130
1172140
1172130
1172114
1172101
1172095
1172143
1172163
1172094
1172099
1172105
1172076
1172091
1172096
1172088
1172106
1172098
1172123
1172128
1172119
1172137
1172137
1172140
1172142
1172112
1172130
1172129
1172124
1172127
1172111
1172088
1172090
1172114
1172108
1172101
1172116
1172124
1172105
1172083
1172101
1172087
1172082
1172131
1172141
1172126
1172131
1172128
1172131
1172123
1172105
1172115
1172141
1172139
1172128
1172094
1172113
1172119
1172089
1172096
1172108
1172098
1172106
1172131
1172157
1172132
1172113
1172116
1172144
1172145
1172147
1172088
1172084
1172130
1172122
1172115
1172115
1172115
1172121
1172113
1172126
1172136
1172128
1172123
1172121
1172111
1172119
1172126
1172120
1172119
1172141
1172146
1172134
1172137
1172108
1172114
1172115
1172112
1172132
1172141
1172126
1172117
1172136
1172149
1172124
1172138
1172137
1172136
1172141
1172126
1172126
1172115
1172139
1172127
1172144
1172147
1172113
1172118
1172158
1172134
1172122
1172137
1172126
1172136
1172132
1172146
1172153
1172159
1172133
1172118
1172155
1172144
1172115
1172142
1172144
1172119
1172138
1172137
1172133
1172144
1172148
1172131
1172144
1172142
1172141
1172147
1172129
1172129
1172122
1172136
1172139
1172128
1172130
1172135
1172144
1172136
1172137
1172141
1172130
1172113
1172085
1172116
1172139
1172144
1172145
1172135
1172126
1172133
1172133
1172135
1172157
1172154
1172131
1172159
1172145
1172129
1172108
1172129
1172157
1172141
1172108
1172122
1172101
1172115
1172107
1172130
1172133
1172138
1172162
1172155
1172142
1172137
1172112
1172137
1172132
1172116
1172121
1172101
1172130
1172145
1172143
1172137
1172094
1172108
1172114
1172129
1172134
1172133
1172133
1172123
1172119
1172152
1172164
1172137
1172155
1172169
1172156
1172147
1172141
1172147
1172146
1172133
1172155
1172187
1172171
1172142
1172176
1172173
1172166
1172171
1172155
1172171
1172184
1172189
1172179
1172176
1172193
1172200
1172160
1172162
1172193
1172187
1172193
1172181
1172153
1172159
1172176
1172187
1172173
1172175
1172179
1172173
1172180
1172188
1172196
1172195
1172191
1172185
1172196
1172173
1172194
1172207
1172187
1172203
1172200
1172218
1172223
1172206
1172191
1172212
1172241
1172225
1172227
1172234
1172231
1172245
1172219
1172216
1172223
1172226
1172223
1172211
1172202
1172199
1172198
1172215
1172223
1172236
1172235
1172217
1172229
1172235
1172216
1172234
1172246
1172232
1172241
1172216
1172218
1172220
1172235
1172248
1172241
1172240
1172239
1172199
1172203
1172216
1172216
1172229
1172256
1172237
1172227
1172255
1172254
1172264
1172236
1172219
1172253
1172279
1172270
1172236
1172248
1172284
1172283
1172246
1172266
1172264
1172245
1172234
1172209
1172199
1172236
1172232
1172255
1172270
