892.799005508
892.795951366
892.792133689
892.790606618
892.792133689
892.785261869
892.775335908
892.799005508
892.799769044
892.802823186
892.813512683
892.801296115
892.811985612
892.819620967
892.818093896
892.815803289
892.810458541
892.823438644
892.831837535
892.83260107
892.829546928
892.831073999
892.836418748
892.834128141
892.857034206
892.84787178
892.834128141
892.828019857
892.834891677
892.837945819
892.850925922
892.868487239
892.852452993
892.842527032
892.83947289
892.852452993
892.865433097
892.867723703
892.836418748
892.28972733
892.12862134
892.772281766
892.947131395
892.911245227
892.877649665
892.864669561
892.8784132
892.828019857
892.405021191
891.967515349
891.978204846
891.216959953
889.404326677
885.948565006
879.544792771
871.931580305
864.652032852
859.737918377
858.709436059
859.671490788
859.892152548
859.412652254
859.447011352
859.240856767
859.110292196
858.910245895
859.064480066
859.324082136
859.213369489
859.705849886
863.200551867
876.489887238
892.62568295
896.402129531
896.329593658
896.320431232
896.32424891
896.301342845
896.287599206
896.28683567
896.276146173
896.259348392
896.266983747
896.264693141
896.24789536
896.252476573
896.248658895
896.248658895
896.229570508
896.212772727
896.238732934
896.243314147
896.231097579
896.23262465
896.231861115
896.207427979
896.135655642
895.944771767
895.877580643
895.887506604
896.051666737
895.88827014
895.937136412
895.83558619
895.685169697
894.981953502
893.655692339
891.861383915
889.779986143
889.14930582
890.726770163
887.909324169
877.690928578
862.801222801
849.111031294
843.043214679
842.136898041
844.238911271
845.222344995
846.280605197
850.980929732
854.138912559
853.805247545
852.832503319
852.163646221
851.611610055
851.341318488
850.020402074
850.627412796
853.23106885
855.044465661
856.604368687
859.243147373
860.451824069
860.541921258
861.395553946
863.092893362
867.038081288
875.190349817
884.974293709
891.078760028
892.950949073
893.198334575
893.215132356
893.248727918
893.266289234
893.270870447
893.289195299
893.280796409
893.291485906
893.295303583
893.29759419
893.315919042
893.325081468
893.310574293
893.332716823
893.338061571
893.342642784
893.357149959
893.363258243
893.384637237
893.396853805
893.368602991
893.362494707
893.374711275
893.390745521
893.384637237
893.380056024
893.392272592
893.389981985
893.400671482
893.400671482
893.38921845
893.411360979
893.433503509
893.433503509
893.433503509
893.426631689
893.428922296
893.413651586
893.425104618
893.441902399
893.438084722
893.446483612
893.463281393
893.469389677
893.449537754
893.470916748
893.466335535
893.461754322
893.469389677
893.474734426
893.465572
893.459463716
893.470916748
893.493059278
893.493822813
893.486950994
893.49611342
893.493822813
893.507566452
893.516728878
893.517492414
893.507566452
893.512147665
893.519019485
893.515201807
893.515965343
893.528181911
893.525127769
893.51978302
893.524364233
893.531999588
893.540398479
893.535817266
893.554142117
893.553378582
893.547270298
893.567885756
893.56559515
893.58086586
893.590028286
893.570176363
893.573230505
893.576284647
893.583920002
893.572466969
893.583920002
893.587737679
893.564068079
893.576284647
893.593845963
893.58086586
893.585447073
893.578575253
893.579338789
893.573230505
893.586974144
893.599954247
893.592318892
893.608353138
893.622860312
893.609116673
893.618279099
893.635840416
893.61140728
893.61140728
893.627441525
893.632786274
893.631259203
893.632786274
893.616752028
893.63507688
893.646529913
893.649584055
893.660273552
893.661037087
893.648820519
893.651111126
893.659510016
893.661800623
893.666381836
893.675544262
893.654928803
893.649584055
893.649584055
893.663327694
893.677071333
893.685470223
893.682416081
893.686233759
893.698450327
893.690814972
893.700740933
893.695396185
893.702268004
893.69615972
893.728228211
893.732809424
893.729755282
893.735100031
893.71830225
893.71830225
893.739681244
893.751134276
893.746553063
893.714484572
893.719829321
893.737390637
893.736627102
893.761060238
893.758769631
893.750370741
893.775567412
893.764877915
893.780912161
893.801527619
893.782439232
893.808399439
893.795419335
893.77938509
893.775567412
893.77251327
893.790074587
893.80992651
893.810690045
893.806108832
893.813744187
893.80305469
893.800000548
893.816798329
893.829014897
893.814507723
893.823670149
893.824433684
893.831305504
893.822143078
893.821379542
893.838177323
893.836650252
893.82519722
893.841995001
893.830541968
893.830541968
893.835886717
893.838940859
893.867955208
893.859556317
893.862610459
893.849630356
893.851157427
893.869482279
893.872536421
893.854975104
893.861083388
893.874063492
893.874063492
893.874827027
893.86413753
893.87100935
893.904604912
893.90994966
893.89467895
893.903841376
893.891624808
893.883225918
893.896206021
893.915294409
893.916057944
893.880171776
893.905368447
893.925983906
893.918348551
893.926747441
893.923693299
893.933619261
893.929801583
893.948889971
893.941254616
893.923693299
893.943545222
893.958815932
893.976377249
893.983249068
893.952707648
893.935146332
893.948889971
893.958052397
893.960343003
893.948889971
893.942781687
893.9473629
893.961106539
893.964160681
893.953471184
893.958815932
893.961106539
893.964160681
893.968741894
893.974850178
893.977140784
893.982485533
893.990884423
894.003864527
894.00844574
894.000046849
894.033642411
894.021425843
894.013026953
894.029824734
894.026007056
893.996229172
894.007682204
894.016081095
894.022952914
894.018371701
894.029824734
894.028297663
894.006918669
894.016081095
894.034405947
894.04738605
894.078691006
894.065710902
894.043568373
894.035169482
894.028297663
894.056548476
894.081745148
894.083272219
894.088616967
894.068765044
894.051967263
894.049676657
894.068001509
894.061893225
894.071819186
894.085562825
894.100833535
894.090907574
894.080218077
894.068001509
894.058839083
894.081745148
894.071819186
894.068001509
894.090144038
894.087089896
894.078691006
894.092434645
894.076400399
894.065710902
894.076400399
894.077163935
894.090144038
894.097015858
894.094725251
894.103887677
894.116867781
894.097015858
894.088616967
894.094725251
894.100833535
894.118394852
894.101597071
894.098542929
894.119921923
894.103887677
894.101597071
894.097015858
894.102360606
894.101597071
894.095488787
894.102360606
894.113050103
894.116104245
894.106178284
894.105414748
894.119158387
894.122976065
894.10846889
894.092434645
894.10846889
894.103887677
894.109995961
894.113813639
894.114577174
894.106178284
894.095488787
894.1237396
894.171842337
894.177187085
894.136719704
894.142064452
894.173369408
894.157335162
894.166497588
894.158862233
894.156571627
894.17642355
894.188640118
894.160389304
894.141300917
894.185585976
894.214600325
894.193984866
894.207728505
894.216890931
894.20696497
894.223762751
894.207728505
894.187113047
894.185585976
894.199329615
894.200856686
894.197802544
894.202383757
894.208492041
894.235215783
894.227580428
894.221472144
894.22223568
894.216127396
894.199329615
894.223762751
894.248959422
894.236742854
894.234452248
894.239033461
894.228343964
894.240560532
894.240560532
894.248959422
894.26117599
894.265757203
894.259648919
894.261939526
894.273392558
894.274156094
894.279500842
894.256594777
894.26804781
894.285609126
894.2764467
894.271865487
894.300879836
894.311569333
894.292480946
894.292480946
894.284082055
894.281791449
894.292480946
894.321495295
894.32225883
894.309278727
894.30698812
894.287136197
894.293244481
894.301643372
894.294771552
894.295535088
894.308515191
894.316150546
894.316150546
894.316150546
894.320731759
894.323022366
894.311569333
894.314623475
894.330657721
894.316914082
894.32225883
894.313096404
894.316914082
894.316914082
894.342110753
894.342874289
894.323022366
894.314623475
894.32913065
894.334475398
894.336002469
894.352036715
894.348982573
894.336002469
894.343637824
894.351273179
894.345928431
894.355854392
894.347455502
894.345164895
894.35280025
894.35280025
894.361199141
894.37494278
894.365780354
894.354327321
894.349746108
894.371125102
894.355854392
894.358144999
894.376469851
894.360435605
894.363489747
894.360435605
894.37494278
894.381814599
894.385632277
894.388686419
894.394031167
894.39021349
894.401666522
894.415410161
894.406247735
894.384105206
894.389449954
894.403193593
894.400902987
894.401666522
894.407774806
894.387159348
894.38334167
894.399375916
894.410065413
894.400139451
894.391740561
894.401666522
894.404720664
894.396321774
894.390977025
894.403957129
894.403193593
894.392504096
894.410065413
894.434498549
894.426863194
894.422281981
894.447478652
894.421518445
894.408538342
894.427626729
894.416173697
894.417700768
894.421518445
894.413119555
894.417700768
894.423045516
894.433735013
894.435262084
894.423809052
894.415410161
894.42075491
894.423809052
894.451296329
894.445188046
894.418464303
894.432207942
894.432207942
894.442133904
894.453586936
894.439843297
894.43602562
894.448242187
894.458931684
894.445951581
894.44442451
894.449005723
894.449769258
894.449769258
894.440606833
894.453586936
894.447478652
894.454350471
894.471911788
894.484128356
894.465039968
894.467330575
894.445951581
894.455114007
894.463512897
894.458931684
894.454350471
894.475729465
894.463512897
894.446715117
894.455114007
894.471148252
894.478783607
894.476493001
894.475729465
894.487946033
894.503216743
894.519250989
894.503980279
894.482601285
894.476493001
894.472675323
894.491763711
894.493290782
894.484128356
894.496344924
894.507797956
894.515433311
894.51390624
894.491000175
894.492527246
894.500162601
894.512379169
894.503216743
894.51390624
894.511615634
894.500926137
894.516196847
894.520014524
894.512379169
894.524595737
894.529940486
894.523832202
894.49863553
894.500162601
894.522305131
894.516960382
894.526122808
894.534521699
894.510088563
894.494054317
894.525359273
894.535285234
894.525359273
894.530704021
894.527649879
894.52917695
894.532994628
894.511615634
894.508561492
894.517723918
894.526886344
894.517723918
894.513142705
894.532994628
894.565826654
894.549792409
894.537575841
894.539102912
894.523832202
894.528413415
894.527649879
894.526122808
894.541393518
894.552083015
894.555137157
894.545974731
894.543684125
894.542157054
894.538339376
894.552846551
894.537575841
894.529940486
894.549792409
894.558191299
894.543684125
894.535285234
894.532231092
894.541393518
894.568880796
894.567353725
894.549028873
894.528413415
894.54444766
894.565826654
894.542920589
894.532994628
894.555137157
894.571934938
894.562772512
894.563536048
894.563536048
894.562008977
894.553610086
894.552083015
894.579570293
894.587205648
894.584915042
894.600185752
894.583387971
894.565826654
894.582624435
894.591023326
894.586442113
894.587969184
894.571171403
894.584151506
894.584151506
894.565826654
894.54444766
894.545211196
894.57498908
894.568117261
894.580333829
894.59025979
894.5818609
894.571171403
894.565826654
894.581097364
894.576516151
894.587205648
894.59025979
894.574225545
894.575752616
894.594077468
894.604766965
894.587969184
894.578043222
894.596368074
894.598658681
894.587205648
894.584151506
894.597895145
894.600949287
894.604003429
894.593313932
894.570407867
894.564299583
894.576516151
894.582624435
894.580333829
894.604003429
894.591023326
894.591786861
894.597895145
894.586442113
894.608584642
894.609348178
894.586442113
894.584915042
894.598658681
894.603239894
894.607057571
894.596368074
894.591786861
894.604003429
894.607057571
894.607057571
894.611638784
894.597895145
894.602476358
894.59713161
894.604003429
894.594077468
894.600949287
894.611638784
894.62767303
894.631490707
894.613165855
894.616983533
894.606294036
894.619274139
894.617747068
894.594077468
894.602476358
894.604003429
894.61240232
894.629963636
894.626909494
894.6055305
894.59713161
894.611638784
894.62767303
894.625382423
894.604003429
894.62767303
894.64294374
894.631490707
894.636835456
894.636835456
894.636835456
894.634544849
894.620037675
894.629200101
894.623091817
894.628436565
894.643707275
894.656687379
894.646761417
894.64294374
894.636835456
894.65134263
894.639126062
894.617747068
894.642180204
894.652106166
894.656687379
894.657450914
894.65134263
894.655160308
894.648288488
894.645234346
894.636835456
894.64294374
894.653633237
894.668140411
894.664322734
894.652869701
894.635308385
894.634544849
894.646761417
894.653633237
894.653633237
894.67348516
894.671194553
894.661268592
894.629963636
894.632254243
894.645997882
894.640653133
894.642180204
894.653633237
894.662795663
894.662795663
894.657450914
894.645997882
894.648288488
894.644470811
894.641416669
894.650579095
894.668140411
894.671194553
894.664322734
894.649052024
894.672721624
894.684938192
894.676539302
894.662795663
894.667376876
894.655160308
894.650579095
894.662795663
894.672721624
894.655923843
894.662032127
894.664322734
894.674248695
894.675775766
894.669667482
894.689519405
894.691810012
894.672721624
894.672721624
894.66661334
894.664322734
894.675012231
894.680356979
894.677302837
894.690282941
894.68875587
894.665849805
894.658977985
894.664322734
894.661268592
894.649815559
894.672721624
894.687228799
894.686465263
894.683411121
894.692573547
894.669667482
894.652106166
894.65821445
894.686465263
894.68188405
894.669667482
894.681120515
894.684938192
894.669667482
894.678066373
894.675775766
894.671958089
894.691810012
894.680356979
894.678066373
894.66661334
894.669667482
894.691810012
894.708607793
894.684938192
894.678829908
894.684938192
894.683411121
894.677302837
894.653633237
894.672721624
894.680356979
894.694864154
894.717770219
894.691810012
894.675775766
894.672721624
894.693337083
894.713952541
894.714716077
894.70402658
894.68875587
894.692573547
894.693337083
894.69715476
894.70402658
894.678829908
894.67348516
894.678829908
894.684938192
894.689519405
894.676539302
894.670431018
894.672721624
894.694864154
894.68875587
894.708607793
894.713952541
894.708607793
894.706317186
894.69715476
894.687992334
894.700972438
894.694864154
894.679593444
894.685701728
894.694864154
894.705553651
894.691046476
894.679593444
894.707080722
894.708607793
894.708607793
894.71242547
894.717006683
894.704790115
894.703263044
894.707080722
894.717770219
894.734568
894.71929729
894.702499509
894.705553651
894.694864154
894.71242547
894.729986787
894.717006683
894.697918296
894.691810012
894.702499509
894.711661935
894.720824361
894.697918296
894.689519405
894.706317186
894.722351432
894.710898399
894.690282941
894.690282941
894.691046476
894.714716077
894.742203355
894.715479612
894.706317186
894.715479612
894.729986787
894.714716077
894.733040929
894.736095071
894.701735973
894.716243148
894.735331535
894.715479612
894.723878503
894.72769618
894.740676284
894.754419923
894.759764671
894.754419923
894.742203355
894.72769618
894.724642038
894.72769618
894.733040929
894.72769618
894.713952541
894.725405574
894.733040929
894.739912748
894.733040929
894.739912748
894.743730426
894.72769618
894.713952541
894.728459716
894.752129316
894.767400026
894.749075174
894.717006683
894.718533754
894.733040929
894.723878503
894.731513858
894.715479612
894.739912748
894.74983871
894.722351432
894.728459716
894.729986787
894.733804464
894.743730426
894.739149213
894.752892852
894.747548103
894.759001136
894.735331535
894.733040929
894.735331535
894.74296689
894.746784568
894.74296689
894.726169109
894.739149213
894.751365781
894.734568
894.736858606
894.744493961
894.746784568
894.733040929
894.733804464
894.741439819
894.741439819
894.732277393
894.724642038
894.743730426
894.739149213
894.748311639
894.746784568
894.752892852
894.767400026
894.746784568
894.731513858
894.737622142
894.739149213
894.766636491
894.761291742
894.739912748
894.74296689
894.739912748
894.746021032
894.756710529
894.749075174
894.743730426
894.745257497
894.762818813
894.753656387
894.749075174
894.754419923
894.750602245
894.738385677
894.746784568
894.754419923
894.749075174
894.770454168
894.760528207
894.746021032
894.752892852
894.744493961
894.752129316
894.74296689
894.755183458
894.755183458
894.759764671
894.765872955
894.759001136
894.754419923
894.755946994
894.7582376
894.760528207
894.762818813
894.759001136
894.752892852
894.752129316
894.757474065
894.755183458
894.752892852
894.748311639
894.716243148
894.721587896
894.74983871
894.760528207
894.760528207
894.778853059
894.757474065
894.748311639
894.735331535
894.737622142
894.752129316
894.762055278
894.765872955
894.76510942
894.769690633
894.768163562
894.755946994
894.761291742
894.750602245
894.738385677
894.752892852
894.757474065
894.748311639
894.74296689
894.757474065
894.784197807
894.765872955
894.752129316
894.752129316
894.766636491
894.771217704
894.752892852
894.752129316
894.770454168
894.778853059
894.784197807
894.771981239
894.771217704
894.774271846
894.766636491
894.774271846
894.765872955
894.778089523
894.781907201
894.774271846
894.775798917
894.757474065
894.765872955
894.778853059
894.764345884
894.761291742
894.776562452
894.781143665
894.790306091
894.784197807
894.790306091
894.784197807
894.766636491
894.768163562
894.760528207
894.748311639
894.768927097
894.767400026
894.766636491
894.78038013
894.798704982
894.790306091
894.778853059
894.771981239
894.763582349
894.767400026
894.768927097
894.774271846
894.78877902
894.783434272
894.785724878
894.791833162
894.793360233
894.788015485
894.776562452
894.766636491
894.768163562
894.782670736
894.792596698
894.772744775
894.76510942
894.776562452
894.777325988
894.772744775
894.765872955
894.774271846
894.765872955
894.779616594
894.807103872
894.78877902
894.768163562
894.775798917
894.77350831
894.783434272
894.776562452
894.771217704
894.782670736
894.781907201
894.784197807
894.79565084
894.784197807
894.783434272
894.77350831
894.770454168
894.784961343
894.791069627
894.784961343
894.787251949
894.791069627
894.778853059
894.775798917
894.78038013
894.774271846
894.770454168
894.783434272
894.814739227
894.811685085
894.781907201
894.776562452
894.784961343
894.798704982
894.814739227
894.813212156
894.78877902
894.798704982
894.800995588
894.781907201
894.778853059
894.790306091
894.79565084
894.771217704
894.768163562
894.783434272
894.794123769
894.790306091
894.790306091
894.781143665
894.774271846
894.797177911
894.794123769
894.779616594
894.800995588
894.805576801
894.797177911
894.805576801
894.807103872
894.812448621
894.814739227
894.806340337
894.80404973
894.789542556
894.788015485
894.796414375
894.798704982
894.809394479
894.806340337
894.792596698
894.798704982
894.800995588
894.80404973
894.788015485
894.788015485
894.784197807
894.79565084
894.806340337
894.807103872
894.800995588
894.799468517
894.790306091
894.786488414
894.791833162
894.791069627
894.794887304
894.808630943
894.817793369
894.807103872
894.812448621
894.812448621
894.814739227
894.825428724
894.833827615
894.829246402
894.828482866
894.809394479
894.809394479
894.80404973
894.79565084
894.809394479
894.810158014
894.817793369
894.816266298
894.821611047
894.826955795
894.814739227
894.800995588
894.78877902
894.800232053
894.813212156
894.809394479
894.827719331
894.82619226
894.820847511
894.85673368
894.853679538
894.827719331
894.794123769
894.813212156
894.824665189
894.804813266
894.806340337
894.813975692
894.824665189
894.816266298
894.811685085
894.808630943
894.813212156
894.815502763
894.820847511
894.826955795
894.821611047
894.811685085
894.806340337
894.815502763
894.84146297
894.846044183
894.828482866
894.814739227
894.804813266
894.820083976
894.817793369
894.817793369
894.81092155
894.820847511
894.84146297
894.825428724
894.821611047
894.827719331
894.81092155
894.801759124
894.827719331
894.824665189
894.823901653
894.837645292
894.837645292
894.840699434
894.826955795
894.835354686
894.851388931
894.845280647
894.842226505
894.833827615
894.842226505
894.844517112
894.847571254
894.859024286
894.836881757
894.847571254
894.858260751
894.84986186
894.846807718
894.842226505
894.84986186
894.855970144
894.83459115
894.827719331
894.838408828
894.855970144
894.852152467
894.833064079
894.839172363
894.855970144
894.859024286
894.851388931
894.836881757
894.853679538
894.859024286
894.861314893
894.855206609
894.84986186
894.851388931
894.851388931
894.852152467
894.859024286
894.864369035
894.855206609
894.84986186
894.842226505
894.852152467
894.859024286
894.85673368
894.848334789
894.850625396
894.85673368
894.859024286
894.852152467
894.854443073
894.85673368
894.853679538
894.864369035
894.86513257
894.859024286
894.857497215
894.866659641
894.868950248
894.864369035
894.866659641
894.867423177
894.870477319
894.879639745
894.883457422
894.867423177
894.862841964
894.859024286
894.870477319
894.872767925
894.877349138
894.88040328
894.869713783
894.872767925
894.868950248
894.865896106
894.870477319
894.864369035
894.845280647
894.855206609
894.861314893
894.87200439
894.859024286
894.868186712
894.879639745
894.872767925
894.879639745
894.886511564
894.896437526
894.879639745
894.870477319
894.874294996
894.866659641
894.875058532
894.866659641
894.860551357
894.867423177
894.863605499
894.861314893
894.854443073
894.858260751
894.858260751
894.859787822
894.860551357
894.850625396
894.85673368
894.853679538
894.852916002
894.864369035
894.878112674
894.883457422
894.891856313
894.882693887
894.861314893
894.847571254
894.875058532
894.8872751
894.87200439
894.878876209
894.885748029
894.896437526
894.878112674
894.8872751
894.907127023
894.8872751
894.866659641
894.874294996
894.899491668
894.884984493
894.874294996
894.876585603
894.878876209
894.88040328
894.886511564
894.897964597
894.897201061
894.878876209
894.876585603
894.883457422
894.872767925
894.86513257
894.883457422
894.894146919
894.885748029
894.883457422
894.87200439
894.861314893
894.884220958
894.885748029
894.881930351
894.872767925
894.878112674
894.885748029
894.888038635
894.894910455
894.893383384
894.899491668
894.916289449
894.909417629
894.906363487
894.917052984
894.901782274
894.8872751
894.897201061
894.894146919
894.883457422
894.896437526
894.913998842
894.896437526
894.891856313
894.901782274
894.897964597
894.8872751
894.888038635
894.891856313
894.892619848
894.88040328
894.893383384
894.907127023
894.901018739
894.88040328
894.89567399
894.917052984
894.898728132
894.888802171
894.888802171
894.897201061
894.897201061
894.900255203
894.905599952
894.907127023
894.907890558
894.899491668
894.879639745
894.868950248
894.881930351
894.892619848
894.90254581
894.920870662
894.920870662
894.923924804
894.891856313
894.905599952
894.903309345
894.891856313
894.871240854
894.890329242
894.891856313
894.907890558
894.910181165
894.888802171
894.888802171
894.89567399
894.885748029
894.906363487
894.921634197
894.918580055
894.886511564
894.90254581
894.899491668
894.89567399
894.876585603
894.892619848
894.904072881
894.891092777
894.8872751
894.894910455
894.907890558
894.907890558
894.907127023
894.907127023
894.907890558
894.905599952
894.882693887
894.884984493
894.903309345
894.904836416
894.892619848
894.888802171
894.894910455
894.896437526
894.897964597
894.897964597
894.898728132
894.917052984
894.919343591
894.905599952
894.894910455
894.897201061
894.894146919
894.897964597
894.907127023
894.90254581
894.904072881
894.914762378
894.912471771
894.913998842
894.924688339
894.932323694
894.930033088
894.924688339
894.921634197
894.911708236
894.913235307
894.899491668
894.888802171
894.901018739
894.921634197
894.918580055
894.921634197
894.918580055
894.900255203
894.916289449
894.918580055
894.915525913
894.913235307
894.906363487
894.897201061
894.886511564
894.882693887
894.905599952
894.916289449
894.914762378
894.897201061
894.894146919
894.906363487
894.911708236
894.918580055
894.920107126
894.921634197
894.897964597
894.891856313
894.899491668
894.88040328
894.893383384
894.904072881
894.888802171
894.907890558
894.923924804
894.918580055
894.906363487
894.888802171
894.89567399
894.901782274
894.894146919
894.885748029
894.918580055
894.916289449
894.913998842
894.936904907
894.920870662
894.901018739
894.8872751
894.905599952
894.910181165
894.916289449
894.924688339
894.923161268
894.927742481
894.943776727
894.923924804
894.916289449
894.9109447
894.907127023
894.89567399
894.904836416
894.889565706
894.897201061
894.891856313
894.892619848
894.89567399
894.898728132
894.898728132
894.90254581
894.913998842
894.907127023
894.914762378
894.912471771
894.913235307
894.909417629
894.907890558
894.907890558
894.901018739
894.891856313
894.892619848
894.897201061
894.900255203
894.90254581
894.901782274
894.920107126
894.934614301
894.946067333
894.94148612
894.924688339
894.925451875
894.932323694
894.924688339
894.9109447
894.898728132
894.894910455
894.918580055
894.916289449
894.899491668
894.900255203
894.894146919
894.905599952
894.90254581
894.899491668
894.923924804
894.922397733
894.920870662
894.912471771
894.913998842
894.894910455
894.907890558
894.926978946
894.936904907
894.932323694
894.916289449
894.921634197
894.921634197
894.923924804
894.91781652
894.913998842
894.930033088
894.930033088
894.92621541
894.920107126
894.940722585
894.932323694
894.918580055
894.933850765
894.930033088
894.921634197
894.924688339
894.916289449
894.923924804
894.926978946
894.934614301
894.926978946
894.909417629
894.9109447
894.915525913
894.939195514
894.957520366
894.945303798
894.934614301
894.940722585
894.949885011
894.936904907
894.940722585
894.935377836
894.907890558
894.924688339
894.930796623
894.907127023
894.912471771
894.940722585
894.955993295
894.954466224
894.944540262
894.924688339
894.913235307
894.923161268
894.938431978
894.935377836
894.932323694
894.930796623
894.935377836
894.939959049
894.917052984
894.921634197
894.94148612
894.913235307
894.917052984
894.923924804
894.939195514
894.937668443
894.929269552
894.934614301
894.939195514
894.936141372
894.926978946
894.927742481
894.944540262
894.939195514
894.94148612
894.937668443
894.924688339
894.916289449
894.938431978
894.942249656
894.946830869
894.940722585
894.932323694
894.934614301
894.955993295
894.95675683
894.952175617
894.943013191
894.945303798
894.933850765
894.929269552
894.936904907
894.94148612
894.938431978
894.940722585
894.949885011
894.951412082
894.940722585
894.935377836
894.937668443
894.936141372
894.940722585
894.954466224
894.951412082
894.958283901
894.943013191
894.930033088
894.926978946
894.9109447
894.915525913
894.928506017
894.943013191
894.942249656
894.935377836
894.92621541
894.938431978
894.94148612
894.953702688
894.95675683
894.949885011
894.936141372
894.947594404
894.938431978
894.926978946
894.936141372
894.952175617
894.935377836
894.932323694
894.946067333
894.968209863
894.951412082
894.937668443
894.938431978
894.946067333
894.939195514
894.937668443
894.932323694
894.936904907
894.932323694
894.957520366
894.938431978
894.946830869
894.934614301
894.935377836
894.939959049
894.945303798
894.932323694
894.943776727
894.959810972
894.940722585
894.938431978
894.946067333
894.951412082
894.93308723
894.930796623
894.915525913
894.900255203
894.913998842
894.94835794
894.937668443
894.930796623
894.939959049
894.952175617
894.940722585
894.942249656
894.936904907
894.946830869
894.94835794
894.932323694
894.931560159
894.929269552
894.928506017
894.94148612
894.949121475
894.951412082
894.968209863
894.975081682
894.962865114
894.942249656
894.92621541
894.938431978
894.947594404
894.940722585
894.943776727
894.951412082
894.939195514
894.92621541
894.92621541
894.943013191
894.958283901
894.949121475
894.940722585
894.939195514
894.94835794
894.946067333
894.94835794
894.940722585
894.931560159
894.952175617
894.966682792
894.944540262
894.942249656
894.955229759
894.959047437
894.955229759
894.952939153
894.938431978
894.926978946
894.946067333
894.949885011
894.959810972
894.950648546
894.94148612
894.943776727
894.935377836
894.935377836
894.943013191
894.934614301
894.940722585
894.966682792
894.949885011
894.951412082
894.970500469
894.958283901
894.954466224
894.959810972
894.954466224
894.962865114
894.970500469
894.962865114
894.950648546
894.940722585
894.936141372
894.972791076
894.988061786
894.935377836
894.939195514
894.943776727
894.921634197
894.93308723
894.936904907
894.930796623
894.944540262
894.938431978
894.957520366
894.961338043
894.954466224
894.968209863
894.968209863
894.970500469
894.97202754
894.949121475
894.962865114
894.962101579
894.958283901
894.960574508
894.94835794
894.930796623
894.932323694
894.950648546
894.946067333
894.940722585
894.952175617
894.958283901
894.943776727
894.926978946
894.940722585
894.930033088
894.92621541
894.96362865
894.971264005
894.959810972
894.96362865
894.961338043
894.96362865
894.957520366
894.943776727
894.951412082
894.971264005
894.969736934
894.961338043
894.935377836
894.949885011
894.954466224
894.931560159
894.936904907
894.946067333
894.938431978
894.944540262
894.96362865
894.983480573
894.964392185
894.949885011
894.952175617
894.973554611
894.974318147
894.975845218
894.930796623
894.927742481
894.962865114
894.95675683
894.951412082
894.951412082
894.951412082
894.955993295
894.949885011
894.959810972
894.967446327
894.961338043
894.957520366
894.955993295
894.94835794
894.954466224
894.959810972
894.955229759
894.954466224
894.971264005
894.975081682
894.965919256
894.968209863
894.946067333
894.950648546
894.951412082
894.949121475
894.964392185
894.971264005
894.959810972
894.952939153
894.967446327
894.977372289
894.958283901
894.968973398
894.968209863
894.967446327
894.971264005
894.959810972
894.959810972
894.951412082
894.969736934
894.960574508
894.973554611
894.975845218
894.949885011
894.953702688
894.984244108
894.965919256
894.95675683
894.968209863
894.959810972
894.967446327
894.964392185
894.975081682
894.980426431
894.985007644
894.965155721
894.953702688
894.981953502
894.973554611
894.951412082
894.97202754
894.973554611
894.954466224
894.968973398
894.968209863
894.965155721
894.973554611
894.976608753
894.96362865
894.973554611
894.97202754
894.971264005
894.975845218
894.962101579
894.962101579
894.95675683
894.967446327
894.969736934
894.961338043
894.962865114
894.966682792
894.973554611
894.967446327
894.968209863
894.971264005
894.962865114
894.949885011
894.928506017
894.952175617
894.969736934
894.973554611
894.974318147
894.966682792
894.959810972
894.965155721
894.965155721
894.966682792
894.983480573
894.981189966
894.96362865
894.985007644
894.974318147
894.962101579
894.946067333
894.962101579
894.983480573
894.971264005
894.946067333
894.95675683
894.940722585
894.951412082
894.945303798
894.962865114
894.965155721
894.968973398
894.98729825
894.981953502
894.97202754
894.968209863
894.949121475
894.968209863
894.964392185
894.952175617
894.955993295
894.940722585
894.962865114
894.974318147
894.972791076
894.968209863
894.935377836
894.946067333
894.950648546
894.962101579
894.965919256
894.965155721
894.965155721
894.957520366
894.954466224
894.979662895
894.988825321
894.968209863
894.981953502
894.992642999
894.982717037
894.975845218
894.971264005
894.975845218
894.975081682
894.965155721
894.981953502
895.006386638
894.99417007
894.97202754
894.997987747
894.995697141
894.990352392
894.99417007
894.981953502
894.99417007
895.004096031
895.007913709
895.000278354
894.997987747
895.010967851
895.016312599
894.985771179
894.98729825
895.010967851
895.006386638
895.010967851
895.001805425
894.980426431
894.985007644
894.997987747
895.006386638
894.995697141
894.997224212
895.000278354
894.995697141
895.001041889
895.007150173
895.013258457
895.012494922
895.00944078
895.004859567
895.013258457
894.995697141
895.011731386
895.021657348
895.006386638
895.018603206
895.016312599
895.030056238
895.033873916
895.020893812
895.00944078
895.025475025
895.047617555
895.035400987
895.036928058
895.042272806
895.0399822
895.050671697
895.030819774
895.028529167
895.033873916
895.036164522
895.033873916
895.02471149
895.01783967
895.015549064
895.014785528
895.027765632
895.033873916
895.043799877
895.043036342
895.029292703
895.038455129
895.043036342
895.028529167
895.042272806
895.051435232
895.040745735
895.047617555
895.028529167
895.030056238
895.031583309
895.043036342
895.052962303
895.047617555
895.046854019
895.046090484
895.015549064
895.018603206
895.028529167
895.028529167
895.038455129
895.059070587
895.044563413
895.036928058
895.058307052
895.057543516
895.065178871
895.043799877
895.030819774
895.056779981
895.076631904
895.069760084
895.043799877
895.052962303
895.080449581
895.079686046
895.051435232
895.066705942
895.065178871
895.050671697
895.042272806
895.023184419
895.015549064
895.043799877
895.040745735
895.058307052
895.069760084
