1519868
1519861
1519849
1519852
1519859
1519863
1519869
1519870
1519877
1519883
1519877
1519862
1519862
1519876
1519875
1519862
1519869
1519866
1519881
1519908
1519899
1519896
1519902
1519905
1519912
1519887
1519882
1519891
1519903
1519899
1519897
1519891
1519885
1519881
1519884
1519890
1519895
1519880
1519873
1519879
1519883
1519899
1519887
1519870
1519734
1519480
1519571
1519592
1519419
1519148
1519360
1520331
1520617
1520594
1520632
1520746
1520943
1520997
1521012
1521015
1521070
1521556
1523397
1524341
1524173
1524009
1523470
1522783
1522964
1523314
1523620
1523681
1523680
1523663
1523656
1523660
1523664
1523650
1523643
1523636
1523623
1523611
1523592
1523605
1523634
1523624
1523620
1523628
1523596
1523653
1523789
1523747
1523706
1523742
1523752
1523704
1523706
1523739
1523734
1523712
1523700
1523706
1523717
1523722
1523706
1523740
1523696
1523696
1523721
1523719
1523714
1523709
1523700
1523705
1523704
1523681
1523709
1523690
1523698
1523705
1523693
1523687
1523697
1523700
1523692
1523688
1523703
1523702
1523702
1523704
1523704
1523707
1523708
1523711
1523696
1523689
1523685
1523703
1523710
1523704
1523697
1523682
1523695
1523700
1523715
1523719
1523714
1523715
1523726
1523722
1523706
1523704
1523718
1523718
1523728
1523717
1523712
1523715
1523722
1523707
1523705
1523714
1523704
1523715
1523706
1523694
1523683
1523698
1524757
1548179
1587249
1593912
1593612
1593443
1593364
1593279
1593184
1593065
1592987
1593007
1592732
1592737
1592621
1592089
1592568
1592450
1592098
1592083
1592080
1591972
1592024
1592031
1592127
1592004
1592020
1592042
1591911
1591645
1591422
1591359
1591303
1591239
1591308
1591375
1591474
1591537
1591549
1591541
1591608
1591775
1591829
1591865
1592020
1592075
1592241
1592164
1588770
1583459
1570655
1537648
1523469
1523126
1526736
1536398
1539735
1546756
1554232
1567413
1587258
1594789
1603148
1600346
1597201
1594074
1592191
1585107
1588761
1594737
1595219
1595309
1595287
1595241
1595103
1595050
1595110
1595031
1594902
1594816
1594743
1594654
1594659
1594647
1594657
1594706
1594216
1587567
1558737
1527851
1523524
1525087
1554735
1595461
1601049
1600966
1600655
1600122
1600345
1600821
1599964
1600000
1600516
1600664
1600753
1600855
1600766
1600549
1600400
1600261
1600301
1600338
1600201
1600018
1599799
1599637
1599722
1599571
1599427
1599445
1599575
1599431
1599450
1599540
1599280
1599539
1599795
1599693
1599485
1599500
1599668
1599720
1599614
1599529
1599647
1599513
1599625
1599652
1599592
1600047
1600259
1599862
1600076
1600248
1600089
1600086
1600216
1600102
1600003
1600091
1600022
1599935
1599921
1599868
1599834
1599749
1599672
1599685
1599676
1599691
1599680
1599743
1599687
1599573
1599584
1599575
1599443
1599286
1599210
1599174
1599050
1598979
1598998
1599003
1598919
1598913
1599077
1598869
1598548
1598732
1598983
1598975
1598991
1598825
1598760
1598642
1598582
1598703
1598843
1598806
1598844
1598722
1598642
1598597
1598519
1598519
1598495
1598400
1598367
1598339
1598219
1598266
1598245
1598249
1598294
1598366
1598480
1598814
1598843
1598389
1597845
1597873
1598116
1598248
1597215
1597111
1597186
1597156
1597248
1597354
1596346
1596660
1596639
1596743
1596661
1596618
1596556
1596548
1596665
1596770
1597086
1597442
1597551
1597578
1597578
1597389
1595629
1587636
1436919
1318734
1217578
1147403
1113595
1173159
1411490
1557559
1578248
1579308
1581005
1582291
1583302
1583913
1584080
1584138
1584167
1584175
1584206
1584222
1584226
1584249
1584279
1584289
1584293
1584311
1584310
1584322
1584330
1584336
1584318
1584306
1584325
1584352
1584367
1584377
1584387
1584389
1584393
1584407
1584415
1584433
1584421
1584421
1584434
1584437
1584445
1584442
1584445
1584444
1584437
1584444
1584444
1584471
1584468
1584464
1584470
1584469
1584472
1584480
1584484
1584476
1584484
1584484
1584469
1584470
1584457
1584446
1584451
1584446
1584456
1584456
1584453
1584449
1584444
1584444
1584444
1584447
1584433
1584431
1584418
1584409
1584404
1584415
1584424
1584417
1584418
1584415
1584424
1584420
1584420
1584436
1584441
1584448
1584456
1584466
1584492
1584491
1584472
1584454
1584459
1584479
1584494
1584480
1584465
1584458
1584477
1584487
1584486
1584482
1584473
1584469
1584468
1584451
1584459
1584023
1582852
1584222
1585557
1584329
1582962
1581281
1580587
1580100
1580407
1581526
1582283
1583655
1583686
1583695
1583697
1583699
1583893
1584146
1584382
1584052
1584282
1584430
1584447
1584119
1583959
1584151
1584480
1585103
1585363
1584925
1584926
1585028
1585094
1585145
1585175
1585196
1585240
1585266
1585291
1585312
1585317
1585329
1585338
1585339
1585342
1585352
1585372
1585371
1585359
1585255
1584703
1585547
1588190
1589681
1589049
1588365
1589711
1591614
1591257
1590235
1585179
1585191
1585200
1585184
1585162
1585163
1585152
1585147
1585145
1585138
1585138
1585133
1585126
1585120
1585110
1585096
1585099
1585113
1585103
1585095
1585082
1585056
1585052
1585036
1585017
1585019
1584999
1584993
1584978
1584966
1584970
1584963
1584937
1584920
1584902
1584875
1584634
1584642
1584645
1584788
1584802
1584865
1585040
1585078
1584926
1584792
1584752
1584663
1584668
1584690
1584665
1584564
1584604
1584552
1584822
1584926
1584830
1584906
1584974
1584999
1585049
1585208
1585320
1585281
1585167
1584855
1584778
1584790
1584786
1584783
1584765
1584754
1584741
1584731
1584728
1584738
1584723
1584706
1584713
1584714
1584704
1584700
1584700
1584695
1584692
1584695
1584687
1584662
1584644
1584642
1584631
1584606
1584618
1584624
1584615
1584597
1584584
1584620
1584640
1584625
1584647
1584664
1584623
1584590
1584614
1584632
1584639
1584608
1584570
1584542
1584531
1584581
1584617
1584586
1584474
1584431
1584424
1584395
1583995
1583471
1582895
1580175
1576834
1577706
1581865
1584975
1584904
1581443
1579313
1583400
1585952
1586285
1586316
1586523
1586930
1587204
1587186
1586465
1586421
1586625
1586613
1586585
1586387
1586275
1586410
1586530
1586477
1586645
1586735
1586643
1586634
1586626
1586653
1586687
1586694
1586718
1586719
1586721
1586738
1586725
1586715
1586724
1586730
1586734
1586727
1586718
1586721
1586725
1586710
1586721
1586715
1586697
1586694
1586695
1586687
1586678
1586685
1586673
1586667
1586653
1586645
1586638
1586615
1586620
1586617
1586612
1586606
1586585
1586574
1586546
1586543
1586552
1586537
1586530
1586511
1586486
1586483
1586483
1586458
1586184
1586154
1586137
1586137
1586120
1586115
1586101
1586098
1586087
1586080
1586080
1586059
1586053
1586058
1586033
1586017
1586005
1585987
1585990
1585972
1585973
1585968
1585965
1585964
1585961
1585938
1585938
1585949
1585925
1585910
1585903
1585904
1585901
1585885
1585872
1585881
1585873
1585858
1585853
1585852
1585847
1585827
1585797
1585779
1585771
1585769
1585763
1585754
1585745
1585734
1585722
1585709
1585664
1585569
1585553
1585442
1585365
1585283
1585199
1585159
1585111
1585057
1585036
1585053
1585035
1585013
1585015
1584980
1584913
1584850
1584834
1584846
1584820
1584826
1584848
1584814
1584813
1584813
1584774
1584733
1584667
1584707
1584740
1584775
1584837
1584873
1584794
1584767
1584766
1584738
1584773
1584805
1584811
1584819
1584770
1584697
1584687
1584672
1584649
1584707
1584901
1584942
1584747
1584921
1585118
1585053
1584957
1584935
1584886
1584829
1584816
1584880
1584893
1584976
1585042
1585071
1584941
1584833
1584969
1585029
1584966
1584952
1584948
1584950
1584943
1584919
1584918
1584927
1584912
1584903
1584896
1584885
1584895
1584886
1584868
1584859
1584850
1584832
1584819
1584807
1584788
1584782
1584787
1584778
1584765
1584769
1584758
1584754
1584746
1584725
1584713
1584714
1584699
1584697
1584694
1584678
1584660
1584658
1584667
1584665
1584650
1584636
1584625
1584628
1584596
1584582
1584598
1584603
1584589
1584572
1584574
1584556
1584548
1584551
1584545
1584524
1584520
1584511
1584498
1584491
1584486
1584475
1584459
1584446
1584449
1584447
1584435
1584427
1584402
1584400
1584396
1584380
1584348
1584347
1584338
1584312
1584307
1397446
1379927
1367431
1374033
1377892
1377920
1400955
1428607
1439865
1440406
1435243
1427776
1409031
1401463
1411963
1410165
1398190
1384748
1384795
1429387
1456299
1455498
1453834
1451046
1448738
1446346
1439880
1431823
1425046
1408579
1407228
1410307
1410441
1408542
1426870
1454211
1452543
1447300
1445541
1453292
1455908
1451088
1440588
1428410
1422131
1419314
1461862
1487459
1468604
1452662
1449482
1471949
1503225
1510344
1506959
1506533
1505458
1503079
1500449
1499392
1499191
1499398
1499131
1498377
1498308
1498502
1497855
1497074
1496987
1497215
1497278
1497008
1496608
1496014
1496370
1496490
1497083
1498040
1498520
1498376
1498520
1500344
1501925
1505191
1510793
1515471
1518617
1520842
1521168
1518169
1513517
1516908
1517143
1516260
1517971
1518482
1518432
1518501
1518257
1517240
1518155
1518216
1518954
1519043
1519196
1519287
1519216
1519198
1519225
1519231
1517168
1513966
1517582
1518138
1517649
1516963
1518418
1518443
1518281
1518046
1517838
1517889
1511701
1492112
1476237
1469245
1459863
1438508
1406334
1382089
1346800
1323401
1325682
1326625
1304996
1268920
1261042
1270202
1254598
1242755
1313741
1447132
1462377
1462673
1465857
1471868
1472097
1468586
1470535
1479714
1474664
1475577
1478928
1479472
1480830
1477908
1471534
1468295
1463469
1461888
1457981
1455155
1444052
1439330
1443266
1448675
1459277
1456852
1453033
1453281
1446964
1442845
1440177
1435868
1437917
1443459
1449970
1450089
1447589
1446245
1447989
1449551
1447195
1446682
1450456
1448239
1444862
1441593
1428064
1414910
1410682
1407665
1406375
1405876
1405156
1402425
1398815
1398519
1399673
1401338
1417372
1419134
1412404
1416125
1435231
1437553
1433751
1427615
1431123
1439582
1447359
1447673
1457073
1471128
1486842
1495112
1493506
1497899
1474709
1474048
1471714
1456678
1447301
1437139
1438528
1447812
1451812
1454532
1460350
1465188
1468238
1470595
1472638
1474612
1476510
1478081
1479446
1480705
1481825
1482854
1483812
1484705
1485549
1486339
1487391
1490353
1499055
1515302
1520980
1521293
1521264
1521259
1521251
1521242
1521231
1521205
1521199
1521199
1521194
1521197
1521186
1521165
1521156
1521167
1521155
1521154
1527006
1609921
1703307
1710175
1709973
1710478
1711142
1711886
1712621
1713335
1714007
1714650
1715243
1715809
1716329
1716869
1717462
1718081
1718691
1719274
1719825
1720351
1720858
1721353
1721846
1722300
1722783
1723220
1723653
1724072
1724480
1724869
1725246
1725593
1721954
1672302
1562677
1454211
1320638
1276399
1247146
1201179
1136039
1102813
1106373
1106702
1133233
1112162
1095767
1099618
1096837
1101718
1075685
1031856
1016148
1043344
1097212
1109761
1095542
1146068
1220921
1227396
1209545
1246511
1295922
1305703
1254599
1210994
1183385
1162777
1112417
1113156
1214467
1142571
1009825
1034568
1057874
1011486
1013317
1143098
1322144
1387012
1378526
1329092
1314293
1326657
1353589
1347379
1282739
1164131
1088652
1227187
1233331
1123052
1037275
1000644
995698
959911
972556
1054065
1002595
1001434
990838
972627
969444
948522
917084
892309
891765
895861
897058
897986
899634
901593
905287
932576
981378
1006025
1064306
1146724
1167739
1175683
1188117
1197781
1197175
1189691
1183892
1182230
1232917
1224296
1199259
1169640
1171268
1173798
1175526
1176696
1177801
1178949
1179484
1179835
1181080
1181893
1182791
1181441
1175296
1174766
1181862
1186906
1188194
1198163
1236062
1264634
1278530
1285056
1290993
1303886
1315634
1285516
1356353
1372675
1372410
1372319
1372249
1372210
1372161
1372121
1372102
1372080
1372053
1372037
1372035
1372027
1372005
1371994
1371983
1371999
1371993
1371972
1371955
1371963
1371969
1371991
1371999
1371998
1372001
1371995
1371978
1371983
1371991
1372002
1372006
1372009
1372028
1372056
1372072
1372081
1372087
1372104
1372110
1372121
1372128
1372132
1372147
1372154
1372175
1372181
1372201
1372192
1372196
1372227
1372234
1372246
1372268
1372282
1372272
1372291
1372301
1372314
1372334
1372347
1372359
1372375
1372387
1372405
1372411
1372442
1372469
1372490
1372510
1372524
1372539
1372566
1372591
1372600
1372631
1372644
1372668
1372683
1372702
1372722
1372744
1372767
1372782
1372808
1372826
1372843
1372853
1372863
1372882
1372910
1372936
1372947
1372966
1372997
1373027
1373057
1373073
1373079
1373106
1373142
1373166
1373184
1373201
1373223
1373242
1373262
1373292
1373328
1373364
1373375
1373390
1373408
1373436
1373452
1373476
1373510
1373545
1373565
1373592
1373624
1373659
1373691
1373714
1373748
1373775
1373807
1373832
1373865
1373901
1373933
1373970
1373998
1374031
1374068
1374084
1374113
1374160
1374193
1374219
1374255
1374292
1374328
1374359
1374401
1374437
1374459
1374499
1374542
1374579
1371718
1305170
1198989
1204263
1232846
1234495
1232929
1239442
1265497
1297153
1264315
1206122
1168370
1207313
1250641
1253534
1255070
1251386
1249705
1245806
1260654
1297096
1305242
1303461
1301131
1301393
1308032
1317593
1326658
1337842
1340131
1325871
1333224
1351457
1357988
1333788
1299612
1269775
1246290
1233495
1221991
1211886
1208972
1208919
1214174
1240749
1232541
1221606
1221346
1230141
1257263
1266577
1267452
1267935
1268816
1269461
1268684
1267663
1268573
1269689
1270823
1272077
1273721
1277666
1284638
1288316
1290237
1292710
1295598
1298360
1300725
1302895
1304911
1306491
1307903
1310097
1312721
1314940
1316060
1322267
1337528
1347530
1348657
1347628
1343949
1330502
1325811
1334316
1336971
1339438
1366099
1368731
1323342
1300637
1304112
1299698
1300003
1307734
1317860
1302351
1311262
1306774
1290125
1275536
1291411
1314805
1292874
1256588
1252364
1273832
1287732
1263740
1260020
1268058
1277714
1310483
1332312
1337007
1324925
1314899
1325384
1331198
1327077
1329619
1362156
1378461
1355876
1337448
1341507
1353455
1365518
1349971
1291869
1269112
1296809
1304784
1305086
1302041
1306198
1307851
1304376
1308195
1310464
1315239
1320988
1324677
1325352
1325320
1325644
1326450
1327209
1326771
1326471
1326879
1326861
1326460
1315317
1289849
1284155
1285673
1287061
1288504
1289759
1291148
1293094
1295369
1297550
1300043
1302934
1305551
1307421
1309623
1312046
1316120
1328564
1340178
1346058
1347691
1346745
1339265
1315793
1291840
1281171
1280096
1285362
1287544
1279235
1267995
1251985
1261860
1269468
1267812
1287016
1298740
1315717
1329132
1315865
1328142
1328226
1336866
1324619
1399372
1361855
1343044
1331788
1327422
1330445
1335149
1335774
1332922
1330458
1331583
1333042
1333880
1334924
1335590
1336636
1337485
1338393
1339067
1339922
1340868
1342001
1343049
1344310
1345903
1347530
1348779
1350254
1351932
1353842
1355636
1357227
1358009
1359285
1361278
1362644
1362693
1359390
1358277
1357786
1357624
1350959
1324330
1307062
1300986
1298521
1303341
1311777
1308126
1300212
1302625
1306816
1314371
1315287
1312957
1317154
1335304
1353352
1345798
1333040
1313141
1328675
1344220
1340857
1331599
1337429
1344362
1331157
1332360
1348071
1347726
1347787
1348899
1354237
1354705
1353431
1366535
1370757
1346673
1341653
1353801
1348051
1357614
1356450
1354517
1370310
1355125
1333558
1335578
1346437
1346984
1355905
1368126
1373797
1355496
1340088
1331678
1325821
1334871
1344322
1343579
1341574
1341772
1343575
1346172
1347208
1347556
1348630
1349768
1350489
1350838
1351631
1352742
1353734
1354520
1355871
1357360
1358539
1359883
1361105
1362342
1364077
1363853
1356585
1353539
1354624
1355742
1346379
1319539
1310012
1310762
1314063
1316368
1312617
1289196
1262807
1248649
1252018
1268998
1273206
1271012
1260598
1258025
1269179
1272816
1269911
1269472
1286922
1323202
1345968
1347938
1331579
1325923
1323837
1341132
1340106
1318433
1320383
1315630
1302576
1310971
1305544
1312198
1320372
1316034
1324694
1343919
1330672
1326292
1323562
1310812
1321440
1335440
1337871
1343972
1330695
1332656
1307524
1283442
1289977
1293473
1284135
1273852
1276087
1279533
1281326
1283651
1288130
1293559
1298095
1302176
1313603
1322584
1323571
1325193
1327694
1329024
1330012
1331144
1332923
1368003
1364869
1345101
1298642
1277211
1279173
1282466
1286823
1291631
1280436
1273111
1266566
1258588
1255171
1274333
1299835
1312319
1298737
1279688
1260096
1261110
1283468
1304345
1307566
1305479
1305193
1297856
1281604
1264174
1261769
1270488
1286023
1288039
1280426
1281908
1291735
1252130
1216614
1225451
1236695
1243033
1254284
1255937
1229999
1211469
1208020
1200533
1159814
1139928
1130265
1110224
1102494
1097865
1074146
1071375
1083597
1090687
1110118
1167083
1189897
1187494
1180871
1180111
1186684
1196643
1205045
1214923
1230491
1244420
1247303
1247576
1249112
1250765
1251660
1252692
1253705
1255085
1256974
1259003
1261190
1263233
1265192
1267000
1269148
1270913
1271976
1272289
1257018
1234961
1233478
1235007
1238526
1257505
1284061
1279955
1283325
1247111
1209867
1203165
1211314
1210793
1179842
1171120
1183224
1189440
1173210
1191410
1223059
1252764
1281428
1272068
1249653
1243595
1247841
1253732
1270020
1272442
1269821
1274951
1288908
1285157
1282502
1278149
1282037
1264070
1250607
1265983
1275895
1264805
1243390
1246349
1259587
1273096
1259980
1225927
1216486
1225570
1226357
1233746
1219262
1191363
1186621
1200257
1213590
1235913
1248778
1250849
1253655
1252032
1244453
1235614
1238626
1238447
1230356
1224121
1223616
1225842
1240215
1253019
1253171
1254055
1253978
1248701
1242997
1242294
1243080
1245194
1247354
1249131
1251330
1253573
1255781
1257567
1259540
1261661
1263906
1266414
1268756
1270443
1272083
1274030
1276062
1278314
1281669
1287275
1293532
1296138
1294496
1282715
1256523
1246689
1249016
1267295
1291054
1283285
1263484
1246733
1214457
1200986
1199039
1211522
1247478
1279883
1293646
1292958
1283955
1284119
1273480
1275987
1278625
1281042
1279478
1274058
1275713
1285914
1298393
1306392
1299891
1293321
1294516
1296707
1297640
1297255
1297542
1298753
1302812
1304223
1304416
1304752
1305771
1306772
1307687
1308836
1310297
1312415
1313968
1315569
1317610
1319892
1322302
1324236
1326171
1327442
1323885
1319959
1321001
1322983
1324726
1326712
1329102
1331970
1333608
1334832
1334201
1323948
1301465
1283333
1284656
1298617
1298106
1275761
1251556
1240469
1243548
1242518
1237854
1237670
1245672
1248887
1242764
1228096
1214782
1206602
1209860
1221088
1260473
1271806
1252602
1237710
1253981
1274548
1260710
1245433
1248169
1244798
1239319
1237584
1258993
1250064
1220753
1224836
1228977
1229327
1218736
1220815
1240753
1261104
1257453
1237963
1225132
1232609
1233260
1256063
1283657
1309666
1307691
1286506
1266078
1271148
1286136
1294660
1299690
1300713
1301469
1302110
1303115
1304407
1304964
1305319
1305880
1306671
1307152
1307251
1307952
1308132
1307453
1308635
1310546
1311807
1313460
1315653
1317277
1308789
1299270
1300461
1302174
1303390
1304582
1306221
1307614
1308914
1310821
1313446
1316536
1317937
1323587
1328066
1307064
1280190
1277920
1281144
1282690
1284462
1285009
1276706
1274852
1252735
1236379
1254936
1261248
1238220
1223733
1219811
1212199
1212631
1214786
1222378
1250488
1290554
1300388
1277004
1251610
1234295
1215095
1209701
1211578
1212931
1208352
1206454
1212093
1208283
1200639
1192846
1196785
1202068
1202033
1198890
1196560
1201505
1203205
1200726
1200390
1209462
1201683
1196783
1212486
1221694
1225933
1230001
1227721
1226069
1225215
1227421
1231626
1233591
1234969
