565.6425659113569
565.6399607522501
565.6354947652098
565.6366112619698
565.6392164210768
565.6407050834234
565.6429380769437
565.6433102425303
565.6459154016371
565.6481483951572
565.6459154016371
565.6403329178368
565.6403329178368
565.6455432360505
565.6451710704638
565.6403329178368
565.6429380769437
565.6418215801835
565.6474040639839
565.6574525348245
565.6541030445443
565.6529865477843
565.6552195413044
565.6563360380644
565.6589411971713
565.649637057504
565.6477762295706
565.6511257198508
565.6555917068911
565.6541030445443
565.653358713371
565.6511257198508
565.6488927263307
565.6474040639839
565.6485205607439
565.6507535542642
565.6526143821976
565.6470318983972
565.6444267392903
565.6466597328106
565.6481483951572
565.6541030445443
565.649637057504
565.6433102425303
565.5926957227405
565.4981656637212
565.53203273211
565.5398482094305
565.4754635629331
565.3746066889402
565.4535057933184
565.8148785779944
565.9213179357878
565.9127581272938
565.926900419588
565.9693272964707
566.0426439170487
566.06274085873
566.0683233425303
566.0694398392903
566.0899089465584
566.2707814216897
566.9559382667859
567.3072625806213
567.2447387620574
567.1837036058403
566.9831063546143
566.7274285965583
566.7947905677491
566.9250485230907
567.0389311926178
567.0616332934059
567.0612611278192
567.0549343128455
567.0523291537387
567.0538178160854
567.0553064784322
567.0500961602185
567.0474910011117
567.0448858420049
567.0400476893778
567.0355817023376
567.0285105561904
567.0333487088175
567.0441415108314
567.0404198549646
567.0389311926178
567.0419085173113
567.0299992185372
567.0512126569786
567.1018271767684
567.0861962221275
567.0709374330731
567.084335394194
567.0880570500609
567.0701931018998
567.0709374330731
567.0832188974339
567.0813580695004
567.0731704265933
567.068704439553
567.0709374330731
567.0750312545267
567.0768920824602
567.0709374330731
567.0835910630207
567.0672157772062
567.0672157772062
567.0765199168735
567.0757755857002
567.0739147577667
567.0720539298333
567.068704439553
567.0705652674865
567.0701931018998
567.0616332934059
567.0720539298333
567.0649827836861
567.0679601083797
567.0705652674865
567.0660992804462
567.063866286926
567.0675879427929
567.068704439553
567.0657271148594
567.0642384525128
567.0698209363131
567.0694487707264
567.0694487707264
567.0701931018998
567.0701931018998
567.0713095986598
567.0716817642465
567.0727982610066
567.0672157772062
567.0646106180994
567.0631219557526
567.0698209363131
567.0724260954199
567.0701931018998
567.0675879427929
567.0620054589926
567.0668436116196
567.068704439553
567.0742869233534
567.0757755857002
567.0739147577667
567.0742869233534
567.078380744807
567.0768920824602
567.0709374330731
567.0701931018998
567.0754034201134
567.0754034201134
567.0791250759803
567.0750312545267
567.0731704265933
567.0742869233534
567.0768920824602
567.0713095986598
567.0705652674865
567.0739147577667
567.0701931018998
567.0742869233534
567.0709374330731
567.0664714460329
567.0623776245793
567.0679601083797
567.4620834646844
576.1789458361375
590.7194553081158
593.1991946122313
593.0875449362243
593.0246489520737
592.9952478707252
592.9636137958565
592.928258065121
592.8839703603048
592.854941444543
592.8623847562768
592.7600392199371
592.7619000478705
592.7187288398145
592.5207367476954
592.6990040637199
592.6550885244906
592.5240862379757
592.5185037541753
592.5173872574152
592.4771933740527
592.4965459845606
592.4991511436674
592.5348790399896
592.4891026728268
592.4950573222138
592.503244965121
592.4544912732646
592.3554952272051
592.2725023013732
592.2490558694117
592.2282145965571
592.204395999009
592.2300754244906
592.2550105187987
592.291854911881
592.3153013438425
592.3197673308828
592.3167900061893
592.3417251004976
592.4038767534747
592.4239736951561
592.4373716562768
592.4950573222138
592.5155264294817
592.5773059168723
592.5486491666971
591.2855191654713
589.3089477345608
584.543739562582
572.2596700427051
566.9827341890276
566.855081392793
568.1985991607438
571.7944630593427
573.0363796221271
575.6493542062776
578.4316641323721
583.337178730533
590.722804798396
593.5255838317585
596.6365159709002
595.5937079969948
594.4232472268548
593.2594854372751
592.5586976375378
589.9222766214258
591.2821696751911
593.5062312212506
593.6856150340351
593.7191099368372
593.71092229393
593.6938026769423
593.6424438259791
593.6227190498845
593.645048985086
593.6156479037375
593.5676385430544
593.5356323025991
593.5084642147707
593.4753414775553
593.4772023054887
593.4727363184485
593.4764579743154
593.4946940880632
593.3123329505851
590.8378039646832
580.1082701004106
568.6135637899032
567.0032032962956
567.584898108292
578.6188634224771
593.7756791060141
595.8553404044378
595.8244506607425
595.7087071632819
595.5103429055762
595.593335831408
595.7704866506725
595.4515407428792
595.464938704
595.6569761467321
595.7120566535622
595.7451793907776
595.7831402806199
595.7500175434045
595.6692576110928
595.613804938676
595.562073922126
595.5769605455937
595.5907306723012
595.5397439869247
595.4716376845604
595.3901334210753
595.3298425960315
595.3614766709002
595.30527966731
595.2516878228266
595.2583868033871
595.3067683296567
595.2531764851734
595.2602476313206
595.2937425341227
595.1969794815832
595.2933703685359
595.3886447587286
595.3506838688862
595.2732734268546
595.278855910655
595.3413797292189
595.3607323397268
595.3212827875377
595.289648712669
595.3335642518985
595.2836940632819
595.3253766089913
595.3354250798319
595.3130951446304
595.4824304865745
595.5613295909527
595.4135798530368
595.4932232885884
595.5572357694991
595.4980614412154
595.4969449444553
595.5453264707251
595.5028995938424
595.46605520076
595.4988057723888
595.4731263469072
595.4407479408652
595.4355376226515
595.415812846557
595.4031592166094
595.3715251417408
595.3428683915657
595.3477065441926
595.3443570539124
595.3499395377128
595.3458457162592
595.3692921482207
595.348450875366
595.3060239984834
595.310117819937
595.3067683296567
595.2576424722137
595.1992124751033
595.1709278905149
595.1575299293941
595.1113813966446
595.0849576399895
595.0920287861367
595.0938896140701
595.0626277047882
595.060394711268
595.1214298674852
595.0440194254536
594.9245542721261
594.9930327400771
595.0864463023363
595.0834689776427
595.0894236270298
595.0276441396393
595.0034533765044
594.959537837275
594.9372079020736
594.9822399380631
595.0343431201997
595.0205729934921
595.0347152857863
594.9893110842102
594.959537837275
594.942790385874
594.9137614701121
594.9137614701121
594.9048294960315
594.869473765296
594.8571923009353
594.846771664508
594.8021117941051
594.8196035766796
594.8117880993591
594.8132767617058
594.8300242131069
594.8568201353486
594.8992470122312
595.0235503181857
595.0343431201997
594.8653799438424
594.6629218646831
594.6733425011104
594.763778738676
594.8129045961191
594.4284575450683
594.3897523240526
594.4176647430544
594.4064997754537
594.4407390094291
594.4801885616183
594.1050456502347
594.2219056444554
594.2140901671349
594.2527953881507
594.2222778100421
594.2062746898144
594.1832004234396
594.1802230987462
594.2237664723889
594.2628438589913
594.3804481843854
594.512939133247
594.5535051821962
594.5635536530368
594.5635536530368
594.4932143571524
593.838202924578
590.8634833901649
534.7718026610081
490.78741279805047
453.14063071083683
427.0239106648661
414.44173651005053
436.60940751565374
525.3080039570681
579.6698590392897
587.3695928623191
587.7640883842105
588.3956533848235
588.8742583293068
589.2505177374504
589.477910910918
589.5400625638952
589.5616481679232
589.5724409699372
589.5754182946307
589.5869554278181
589.5929100772051
589.5943987395519
589.6029585480459
589.6141235156465
589.6178451715134
589.6193338338602
589.6260328144206
589.6256606488339
589.6301266358741
589.6331039605677
589.6353369540878
589.6286379735275
589.6241719864871
589.6312431326343
589.6412916034749
589.6468740872753
589.6505957431422
589.6543173990091
589.6550617301824
589.6565503925292
589.6617607107429
589.6647380354364
589.6714370159967
589.6669710289565
589.6669710289565
589.6718091815835
589.6729256783435
589.6759030030371
589.674786506277
589.6759030030371
589.6755308374504
589.6729256783435
589.6755308374504
589.6755308374504
589.685579308291
589.6844628115309
589.6829741491841
589.6852071427043
589.6848349771176
589.6859514738777
589.6889287985712
589.690417460918
589.6874401362245
589.690417460918
589.690417460918
589.6848349771176
589.6852071427043
589.6803689900773
589.6762751686238
589.6781359965572
589.6762751686238
589.6799968244907
589.6799968244907
589.6788803277306
589.6773916653838
589.6755308374504
589.6755308374504
589.6755308374504
589.6766473342104
589.6714370159967
589.6706926848234
589.6658545321965
589.6625050419162
589.6606442139828
589.6647380354364
589.6680875257166
589.6654823666097
589.6658545321965
589.6647380354364
589.6680875257166
589.6665988633698
589.6665988633698
589.6725535127568
589.6744143406903
589.6770194997971
589.6799968244907
589.6837184803576
589.6933947856115
589.6930226200247
589.6859514738777
589.6792524933172
589.6811133212507
589.6885566329845
589.6941391167849
589.6889287985712
589.6833463147709
589.680741155664
589.6878123018112
589.6915339576781
589.6911617920914
589.6896731297446
589.6863236394644
589.6848349771176
589.6844628115309
589.6781359965572
589.6811133212507
589.5188491254539
589.0830432234399
589.5929100772051
590.0897511354364
589.632731794981
589.1239814379758
588.4983710867499
588.240088169587
588.058843528869
588.1730983639828
588.589551655489
588.8712810046133
589.381892189552
589.3934293227394
589.3967788130195
589.397523144193
589.3982674753663
589.4704675991842
589.5646254926168
589.6524565710756
589.5296419274679
589.6152400124066
589.6703205192367
589.6766473342104
589.5545770217761
589.4950305279057
589.5664863205502
589.6889287985712
589.9207879590791
590.0175510116185
589.8545424846483
589.854914650235
589.8928755400773
589.9174384687989
589.9364189137201
589.9475838813207
589.9553993586412
589.9717746444556
589.9814509497096
589.9907550893768
589.9985705666973
590.0004313946307
590.0048973816711
590.0082468719512
590.0086190375379
590.009735534298
590.0134571901649
590.0209005018987
590.020528336312
590.0160623492717
589.977357128256
589.7719217244031
590.0860294795694
591.0696631251911
591.6245620149459
591.3893533641578
591.1347921028619
591.6357269825465
592.3439580940177
592.2110949795693
591.8307417499722
589.9490725436675
589.9535385307078
589.956888020988
589.950933371601
589.9427457286938
589.9431178942805
589.9390240728269
589.9371632448934
589.9364189137201
589.9338137546132
589.9338137546132
589.9319529266797
589.929347767573
589.9271147740528
589.9233931181859
589.9181827999722
589.9192992967323
589.924509614946
589.9207879590791
589.9178106343855
589.9129724817586
589.9032961765047
589.9018075141579
589.8958528647709
589.8887817186237
589.8895260497972
589.8820827380633
589.8798497445432
589.8742672607428
589.8698012737026
589.8712899360493
589.8686847769425
589.8590084716885
589.8526816567148
589.8459826761543
589.8359342053137
589.7462422989215
589.749219623615
589.7503361203751
589.8035557992717
589.8087661174853
589.8322125494468
589.8973415271176
589.9114838194118
589.854914650235
589.8050444616185
589.7901578381509
589.7570351009355
589.7588959288689
589.7670835717761
589.7577794321088
589.7201907078531
589.7350773313208
589.7157247208129
589.8162094292192
589.854914650235
589.8191867539127
589.8474713385011
589.872778598396
589.8820827380633
589.9006910173978
589.9598653456816
590.0015478913908
589.9870334335099
589.9446065566273
589.82849089358
589.7998341434048
589.8043001304451
589.8028114680983
589.8016949713383
589.7949959907778
589.7909021693242
589.7860640166973
589.7823423608304
589.7812258640703
589.7849475199372
589.7793650361368
589.7730382211631
589.77564338027
589.7760155458567
589.7722938899898
589.770805227643
589.770805227643
589.7689443997095
589.7678279029495
589.7689443997095
589.7659670750161
589.7566629353488
589.7499639547883
589.749219623615
589.7451258021614
589.7358216624941
589.7402876495345
589.7425206430546
589.7391711527744
589.732472172214
589.727634019587
589.7410319807078
589.7484752924416
589.7428928086413
589.7510804515484
589.7574072665221
589.7421484774679
589.7298670131071
589.7387989871877
589.7454979677481
589.748103126855
589.7365659936676
589.7224237013733
589.712003064946
589.7079092434924
589.726517522827
589.7399154839477
589.7283783507603
589.686695805051
589.6706926848234
589.6680875257166
589.6572947237025
589.5084284890265
589.313413721601
589.0990463436675
588.0867559478708
586.8433507227395
587.1678791143331
588.7157157893769
589.8731507639827
589.8467270073278
588.5586619117937
587.7659492121439
589.286989964946
590.2367565421789
590.3606876825467
590.3722248157341
590.4492630921789
590.6007344859618
590.7027078567148
590.6960088761543
590.4276774881508
590.4113022023365
590.4872239820213
590.482757994981
590.4723373585537
590.398648572389
590.3569660266797
590.4072083808829
590.4518682512858
590.4321434751912
590.494667293755
590.5281621965571
590.4939229625817
590.4905734723014
590.487596147608
590.4976446184486
590.510298248396
590.5129034075029
590.5218353815834
590.5222075471701
590.5229518783435
590.5292786933172
590.5244405406903
590.5207188848234
590.5240683751035
590.5263013686238
590.5277900309704
590.5251848718636
590.5218353815834
590.5229518783435
590.5244405406903
590.5188580568899
590.5229518783435
590.5207188848234
590.5140199042629
590.5129034075029
590.5132755730896
590.510298248396
590.5069487581159
590.5095539172227
590.5050879301824
590.5028549366623
590.4976446184486
590.494667293755
590.4920621346482
590.4835023261544
590.4853631540878
590.4842466573277
590.4823858293943
590.4801528358742
590.4723373585537
590.4682435371001
590.4578229006728
590.4567064039127
590.4600558941929
590.4544734103926
590.4518682512858
590.4447971051386
590.4354929654713
590.4343764687113
590.4343764687113
590.425072329044
590.323098958291
590.3119339906902
590.3056071757165
590.3056071757165
590.2992803607428
590.2974195328094
590.2922092145957
590.2910927178357
590.286998896382
590.2843937372752
590.2843937372752
590.2765782599547
590.2743452664346
590.276206094368
590.2669019547008
590.2609473053137
590.2564813182735
590.249782337713
590.2508988344731
590.2441998539127
590.2445720194994
590.242711191566
590.2415946948058
590.2412225292192
590.2401060324592
590.2315462239652
590.2315462239652
590.2356400454188
590.2267080713383
590.2211255875379
590.2185204284311
590.2188925940178
590.2177760972577
590.2118214478706
590.2069832952437
590.2103327855239
590.2073554608304
590.20177297703
590.1999121490966
590.1995399835099
590.1976791555765
590.1902358438426
590.1790708762419
590.1723718956815
590.169394570988
590.1686502398146
590.1664172462945
590.1630677560142
590.1597182657341
590.1556244442804
590.1511584572402
590.1463203046133
590.1295728532122
590.0942171224766
590.0882624730896
590.046952092967
590.0182953427918
589.9877777646833
589.9565158554013
589.9416292319337
589.9237652837726
589.9036683420914
589.8958528647709
589.9021796797446
589.8954806991842
589.887293056277
589.8880373874504
589.8750115919162
589.850076497608
589.8266300656466
589.8206754162595
589.8251414032998
589.8154650980458
589.817698091566
589.8258857344731
589.8132321045257
589.812859938939
589.812859938939
589.798345481058
589.7830866920037
589.7585237632823
589.7734103867498
589.7856918511106
589.7987176466447
589.8217919130195
589.8351898741404
589.8057887927919
589.7957403219513
589.7953681563646
589.7849475199372
589.7979733154714
589.8098826142455
589.8121156077656
589.8150929324592
589.7968568187113
589.769688730883
589.7659670750161
589.7603845912157
589.7518247827218
589.7734103867498
589.8456105105677
589.860869299622
589.7882970102174
589.8530538223015
589.9263704428794
589.9021796797446
589.8664517834223
589.8582641405152
589.8400280267673
589.8188145883261
589.813976435699
589.8377950332472
589.8426331858742
589.8735229295695
589.898085858291
589.908878660305
589.8604971340353
589.8203032506727
589.8709177704626
589.8932477056641
589.8698012737026
589.8645909554889
589.8631022931421
589.8638466243156
589.8612414652086
589.8523094911282
589.8519373255415
589.8552868158216
589.8497043320212
589.8463548417411
589.8437496826342
589.8396558611806
589.8433775170475
589.8400280267673
589.8333290462069
589.8299795559267
589.8266300656466
589.8199310850861
589.8150929324592
589.8106269454188
589.8035557992717
589.8013228057516
589.8031836336851
589.7998341434048
589.7949959907778
589.7964846531246
589.792390831671
589.7909021693242
589.7879248446308
589.7801093673103
589.77564338027
589.7760155458567
589.7704330620563
589.769688730883
589.7685722341229
589.7626175847358
589.7559186041755
589.755174273002
589.7585237632823
589.7577794321088
589.7521969483086
589.7469866300949
589.7428928086413
589.7440093054013
589.7321000066272
589.7268896884136
589.7328443378007
589.7347051657341
589.7294948475204
589.7231680325467
589.72391236372
589.7172133831597
589.7142360584661
589.7153525552262
589.7131195617061
589.7053040843856
589.7038154220388
589.7004659317586
589.6956277791317
589.6930226200247
589.6911617920914
589.6870679706377
589.6811133212507
589.6762751686238
589.6773916653838
589.6766473342104
589.6721813471702
589.6692040224766
589.6598998828094
589.659155551636
589.6576668892892
589.6517122399022
589.6398029411281
589.6394307755414
589.6360812852612
589.6264049800072
589.6245441520739
520.0813104575938
513.5613415443717
508.9107603730934
511.3677975764208
512.8039845754574
512.8144052118848
521.387239501289
531.6783623044408
535.8682024793968
536.0695440617961
534.1480531377157
531.3690927019014
524.3928487793974
521.5762996193275
525.4840382795725
524.8148845547039
520.3582016540911
515.3555518378041
515.3730436203786
531.968651462059
541.9843717310603
541.6862670961216
541.0669835598694
540.0293859041777
539.1704277300972
538.2802076467348
535.8737849631972
532.8752468312359
530.3530806502378
524.2246299342136
523.7218342265953
524.8677320680139
524.9176022566303
524.210859807506
531.0319106803603
541.2072899860516
540.5865177874526
538.635253616437
537.9806143494493
540.8652698118835
541.8388549866645
540.0450168588187
536.1372781985738
531.605045683863
529.2682179650363
528.2198275073307
544.0547288898168
553.5810514123207
546.5638692752808
540.6308054922688
539.4473189265946
547.8087631627589
559.4486140520753
562.0980608637213
560.8382803527758
560.6797378128458
560.2796598071541
559.3942778764185
558.4154823834239
558.0221033582925
557.9472980753678
558.0243363518126
557.9249681401664
557.6443552878021
557.6186758623205
557.6908759861384
557.45008485155
557.1594235283451
557.127045122303
557.2118988760684
557.2353453080299
557.1348605996235
556.9859943649475
556.7649280064537
556.8974189553153
556.9420788257181
557.1627730186253
557.5189354850876
557.6975749666988
557.6439831222154
557.6975749666988
558.3764049968214
558.9647987893783
560.1802915955078
562.2651632121451
564.006153826681
565.1769867624078
566.005055192793
566.1263811740539
565.0102565795706
563.2789422702888
564.5409557747545
564.6284146876267
564.2997924745794
564.936567793406
565.1267444082046
565.1081361288701
565.1338155543517
565.0430071511994
564.6645147495356
565.0050462613569
565.0277483621451
565.3024065651223
565.3355293023377
565.3924706371013
565.42633770549
565.3999139488351
565.3932149682746
565.4032634391152
565.4054964326353
564.637718827294
563.4460446187126
564.7917953801835
564.9987194463832
564.8167304744918
564.5614248820225
565.1029258106564
565.1122299503237
565.0519391252799
564.9644802124077
564.8870697703762
564.9060502152975
562.6030895648597
555.3127378871893
549.4046091984856
546.802427416349
543.3107698820235
535.3631737782586
523.3891181920944
514.3659635427954
501.232612154092
492.5243095911327
493.3732192943726
493.72417144262124
485.6746019681033
472.2483562626748
469.316435770731
472.7254725448114
466.91820073010064
462.51064368693096
488.9291900237073
538.5727297978731
544.2463941669621
544.3565551806224
545.5415304086433
547.7786177502369
547.863843669589
546.5571702947203
547.2825210231791
550.6986289434067
548.8191927306221
549.1589799112702
550.4061067922684
550.6085648714277
551.1139657381527
550.0264978938445
547.6543144442825
546.4488701089936
544.6527989876276
544.0644051950708
542.6103542478729
541.5586142998869
537.4264597908679
535.6690938905177
537.1339376397295
539.1469812981358
543.0926808482232
542.1901793004998
540.7688789249307
540.86117599043
538.5102059793091
536.977255927733
535.9843181424442
534.380656629397
535.1432239165248
537.2057655979607
539.6289357328993
539.6732234377154
538.7428094709904
538.2426189224791
538.8916757056664
539.4729983520762
538.5961762298346
538.4052552838626
539.8098082080306
538.9847171023389
537.7279139160868
536.5113046131971
531.4762763908682
526.580810263548
525.0072941630226
523.8844705879789
523.4043769811487
523.2186663533904
522.9507071309737
521.9343229137232
520.5908051457724
520.4806441321122
520.9101232191524
521.5297789209912
527.4970819379787
528.1528377017265
525.6481633033028
527.0329914513762
534.1435871506754
535.0077556429695
533.5927820823742
531.3091740424444
532.6147309205529
535.7628796183636
538.6572113860517
538.7740713802724
542.2724278951583
547.5032152160863
553.351425245333
556.4292346472592
555.8315367150351
557.4664601373643
548.8359401820233
548.5899387292211
547.7213042498867
542.1254224884158
538.6356257820237
534.8536790900799
535.3706170899924
538.8258023968223
540.3144647435823
541.3267551393791
543.4920145227416
545.2925516311477
546.4276566705522
547.3048509583806
548.0651852519883
548.7998401201143
549.506210403652
550.0908825403419
550.5988885661737
551.0674450398164
551.4842704969093
551.8672288856133
552.2237635176623
552.5561073865765
552.8702151417428
553.164225955228
553.5557441524257
554.6580986202016
557.896683555578
563.9432578425304
566.0564140437563
566.1729018723902
566.1621090703761
566.1602482424428
566.1572709177492
566.153921427469
566.1498276060154
566.1401513007614
566.1379183072413
566.1379183072413
566.1360574793079
566.137173976068
566.1330801546144
566.1252646772939
566.1219151870137
566.1260090084672
566.121543021427
566.1211708558403
568.2990838691502
599.1571934895514
633.9122489681838
636.4682822175707
636.3931047690594
636.5810483903379
636.8281663399
637.1050575363973
637.3785992426145
637.6443254715111
637.8944207457669
638.1337232180085
638.3544174109156
638.5650631329822
638.7585892380611
638.9595586548736
639.1802528477808
639.4106233459419
639.6376443538228
639.8546168908631
640.0596801291292
640.2554392277282
640.44412718018
640.6283491455915
640.8118267798297
640.980789956187
641.1605459345583
641.3231822959418
641.4843299949786
641.6402673758017
641.7921109351712
641.9368833483936
642.0771897745758
642.2063312331571
640.8520206631923
622.3732549528604
581.5746025119691
541.2072899860516
491.49601607510823
475.0317826855293
464.14482277808673
447.0374872547075
422.79462093772094
410.42904715435895
411.75395664297537
411.8763991209964
421.75032430146877
413.90842322432377
407.80676843054124
409.2399781048844
408.2049856082995
410.02152583693345
400.3329391186327
384.02129361959663
378.17531658387014
388.29673187949135
408.3445477033083
413.0148536506811
407.723031173536
426.52706960663494
454.3847802671415
456.79455244095925
450.1510245529561
463.9084976305386
482.2975714344782
485.9377230378931
466.9185728956873
450.6902924880699
440.41517280514563
432.7455843946381
414.00332544892973
414.27835581749366
451.98282357064426
425.22560654998
375.82211357922927
385.0306066906999
393.7042978540971
376.4402806187214
377.12171580795075
425.4217378141656
492.0564974486634
516.1981347260703
513.039937557419
494.6423039449855
489.1346254275602
493.7360807413953
503.7592443221304
501.4480960287855
477.3913125051439
433.2494965990164
405.15881028124187
456.71676983334106
459.0033551979644
417.96130646337787
386.03805893386976
372.4052613278284
370.56453033605965
357.2458404851846
361.9518743288796
392.28671913439484
373.1313563874606
372.6992721413135
368.7558055847462
361.9782980855346
360.7936950231004
353.00724661837216
341.30710490401196
332.08670249376723
331.88424441460785
333.4086346576901
333.85411686495803
334.19948652940633
334.81281541627146
335.5418878005972
336.91666747783006
347.0726941730135
365.2351191346588
374.40788434980726
396.09806690768715
426.7712102315036
434.59227003579394
437.5487534564593
442.1762603613627
445.7728685911349
445.5473362456008
442.7620489948128
440.6038607575975
439.9853215525187
458.8492786450747
455.64083912222026
446.3229293282627
435.2997568160916
435.90564239122295
436.8472213255486
437.49032345934893
437.92575719577627
438.3370001690687
438.7642462625888
438.96335485146795
439.0939849723962
439.5573311278252
439.8599017498042
440.1941064466518
439.6916829046203
437.40472537441025
437.20747761346456
439.8483646166168
441.7255678358811
442.2049171115379
445.9150358452505
460.0197394152148
470.6532545581215
475.8248675507657
478.25362016950464
480.46316725768315
485.26149816687735
489.6336994793115
478.42481633938206
504.78791000374156
510.86239670969576
510.7637728292229
510.72990576083413
510.7038541697658
510.6893397118849
510.6711035981371
510.6562169746695
510.64914582852236
510.6409581856152
510.6309097147746
510.62495506538755
510.62421073421416
510.62123340952064
510.6130457666135
510.60895194515984
510.60485812370626
510.6108127730933
510.6085797795732
510.6007643022527
510.594437487279
510.5974148119725
510.5996478054926
510.6078354483998
510.6108127730933
510.61044060750663
510.6115571042667
510.60932411074657
510.6029972957728
510.60485812370626
510.6078354483998
510.61192926985336
510.61341793220015
510.6145344289602
510.6216055751073
510.63202621153465
510.6379808609217
510.6413303512019
510.64356334472205
510.64989015969576
510.6521231532159
510.6562169746695
510.6588221337763
510.6603107961231
510.66589327992347
510.66849843903026
510.67631391635075
510.6785469098709
510.6859902216047
510.6826407313245
510.68412939367124
510.69566652685864
510.6982716859655
510.70273767300574
510.7109253159129
510.7161356341266
510.7124139782597
510.7194851244068
510.7232067802737
510.7280449329007
510.7354882446345
510.7403263972614
510.7447923843017
510.75074703368875
510.75521302072906
510.76191200128943
510.7641449948096
510.775682127997
510.78573059883763
510.7935460761581
510.8009893878919
510.8061997061056
510.8117821899059
510.82183066074657
510.8311348004138
510.83448429069404
510.8460214238814
510.85085957650836
510.8597915505889
510.8653740343893
510.8724451805364
510.8798884922702
510.88807613517736
510.89663594367124
510.9022184274716
510.91189473272556
510.91859371328593
510.9249205282597
510.9286421841266
510.93236383999346
510.9394349861406
510.9498556225679
510.95953192782184
510.9636257492754
510.9706968954226
510.9822340286099
510.99339899621066
511.00456396381134
511.01051861319837
511.0127516067185
511.02280007755917
511.03619803867997
511.0451300127605
511.05182899332095
511.0581558082947
511.0663434512019
511.073414597349
511.0808579090828
511.0920228766835
511.10542083780433
511.1188187989252
511.12291262037877
511.1284951041791
511.1351940847395
511.14561472116685
511.1515693705539
511.16050134463444
511.1731549745819
511.18618077011604
511.19362408184986
511.2036725526905
511.21558185146455
511.22860764699874
511.2405169457728
511.2490767542667
511.2617303842141
511.2717788550548
511.28368815382885
511.29299229349607
511.30527375785687
511.3186717189777
511.3305810177518
511.3443511444593
511.3547717808866
511.3670532452474
511.38082337195493
511.38677802134197
511.397570823356
511.4150626059304
511.42734407029116
511.4370203755451
511.45041833666596
511.4641884633735
511.47758642449435
511.4891235576817
511.5047545123227
511.51815247344354
511.5263401163507
511.54122673981834
511.557229860046
511.5709999867535
510.50623424323345
485.73935878018733
446.2224446198564
448.1852459240595
458.8228548884197
459.4365559408716
458.853744632115
461.277659098227
470.9744334594349
482.75570727169355
470.5345337359674
448.8771017497162
434.8271065209953
449.32035096346397
465.4455415035683
466.5222165458625
467.0938628870183
465.72280486565234
465.09719451442646
463.6461208919221
469.17203552309525
482.73449383325226
485.766154702429
485.1033277925341
484.2361819755464
484.33368935925915
486.80449668929407
490.3627718636372
493.73645290698204
497.898752828523
498.7506398564564
493.443558590257
496.18009214918857
502.9657872913073
505.3964007379797
496.3899935400817
483.6708624493643
472.5665578392948
463.8262490358801
459.06439035418157
454.7829974448998
451.02226419139737
449.9377736717827
449.9180488956881
451.87377905374404
461.7640795200308
458.7093443844793
454.6397136940241
454.54295064148477
457.8161469764233
467.9100220186295
471.3763722930601
471.7020171814139
471.88177315978515
472.2096510416591
472.44969784507407
472.16052518421594
471.7805441202055
472.11921480409336
472.5345515988394
472.9565873741459
473.42328301985515
474.0351232443735
475.50331648386555
478.0980549542682
479.46687998211405
480.1818100741455
481.1021755700299
482.1769897843906
483.2049111348284
484.08508274735027
484.8926820704676
485.6429678932346
486.2309895202048
486.75648732861106
487.5730186258089
488.5495811252835
489.3754165621486
489.7922420192414
492.10227381582627
497.7818928343023
501.5042930323757
501.92372364857533
501.5407652598713
500.1715680664388
495.16705742221836
493.4212286550556
496.58649696985407
497.574596602516
498.49272910488025
508.4150358116223
509.3945756357904
492.502351821518
484.0523321757215
485.3456075894693
483.70286868981964
483.8163791937601
486.69359134446046
490.4621400752834
484.6902239913082
488.0065915343028
486.3363123812381
480.14012752843627
474.71060378421583
480.6187324729196
489.32517420794545
481.1632107262471
467.6588102476137
466.0867828094352
474.0764336244961
479.2495352794871
470.3205385236206
468.9360825411338
471.92754952694804
475.52118043202665
487.7166745422713
495.8406771341273
497.5879945636368
493.09148994524827
489.36015777309433
493.26231394953896
495.42608467055464
493.89239028780514
494.8384352091711
506.94758690330366
513.0157467942842
504.61038701889044
497.75211958736713
499.26273970374183
503.70937413351396
508.1988076057554
502.412749229486
480.7891843116236
472.3198120553193
482.6276823098722
485.59570286372497
485.70809687090536
484.57485265943427
486.12194500330463
486.7371347181032
485.44385930435544
486.86515967992455
487.7096033961242
489.4866940725689
491.62627403044974
492.99919287974916
493.2504046507649
493.2384953519908
493.3590770020784
493.6590424649505
493.9415161452482
493.778507618278
493.666857942271
493.81870150164053
493.8120025210801
493.6627641208174
489.51572298833077
480.0374098265098
477.91829897589696
478.48324633649236
478.9998121708181
479.53684711241175
480.0039149237077
480.5208529236201
481.24508715531886
482.0917638650386
482.9034570096095
483.8312658172277
484.9071965283485
485.8811538687162
486.5771035158265
487.39661213771785
488.2983693542677
489.8145719544428
494.4458005152132
498.76813163903086
500.956465288768
501.5642116918328
501.21214304682405
498.42834445838287
489.69287380759516
480.7783915096096
476.807756865214
476.40767885952226
478.3675028390318
479.1795681491894
476.08724428938217
471.90410309498657
465.9457320520797
469.6208672206434
472.4523030041809
471.83599679262227
478.98306471941703
483.3463340577706
489.6645892230067
494.6571905684531
489.7196697298369
494.28874663762997
494.32000854691194
497.53551921591355
492.97760727572114
520.7981013775587
506.83556506171
499.8347582104844
495.64566236670174
494.0207874152132
495.14584398377707
496.8965109035668
497.12911439524805
496.06769814200817
495.15068213640404
495.5693684214303
496.112358012411
496.4242327740572
496.8127736465616
497.0606359272971
497.4499211309749
497.76588971407466
498.1038160667892
498.35465567221826
498.67285724883817
499.02492589384696
499.4465895035667
499.83661903841784
500.3059198432339
500.89877962283106
501.5042930323757
501.9691278501515
502.5180720905193
503.1425659449851
503.853402215563
504.52106727808484
505.1131827265086
505.4042162153002
505.8790995039167
506.6208255181898
507.12920370960836
507.1474398233562
505.91817689051913
505.50395659253314
505.3212232894683
505.26093246442457
502.7804488291357
492.8700514211677
486.4434960702048
484.18221796547635
483.2648297942855
485.0586679221313
488.1982568114481
486.83948025444295
483.8941618013783
484.79219736206124
486.35194333587907
489.163654343322
489.50455802073003
488.6374122037423
490.19939117108026
496.9541965695038
503.6710410780849
500.85970223622866
496.1116136812376
488.7058906716933
494.4871108953358
500.2724249404318
499.0208320723933
495.5753230708173
497.74504844122004
500.3252724537418
495.41082588150033
495.8585410822884
501.705634614775
501.577237487367
501.59993958815505
502.0137877205543
504.00040762230554
504.1745811168765
503.7004421594334
508.5773000074192
510.14858311442435
501.1853471245824
499.3170758793986
503.8381434265087
501.6981913030412
505.25721080855766
504.8240100656505
504.1046139865787
509.9822250971739
504.33089066328625
496.30439545514304
497.05616994025684
501.09751604612353
501.301090622043
504.62117982090444
509.16941545584297
511.27996649796194
504.46896409594825
498.7346367362287
495.60472415216583
493.4249503109225
496.793048870467
500.3103858302742
500.0338667993635
499.2876747980501
499.3613635842147
500.03237813701674
500.9988921656507
501.38445571346153
501.51396933762965
501.9136751777347
502.33719961538793
502.60553100339143
502.7354167931462
503.0305441033914
503.444020070204
503.8132083322005
504.1057304833388
504.608526190957
505.1626807495384
505.6014639762459
506.1016545247573
506.5564408716925
507.01680970242796
507.6625169953351
507.57915190391657
504.87425241985363
503.7406360427959
504.1444357043546
504.56051683027397
501.0759304420955
491.08700609533594
487.5413845509403
487.8205087409578
489.04902734262146
489.90686901994195
488.5108759042677
479.79438569840124
469.97330803123884
464.7041876548818
465.9580135164404
472.27738517843665
473.8434579672282
473.02692667003026
469.1511942502406
468.19361219568725
472.3447471496275
473.698313388419
472.6171723590846
472.4537916665277
478.9480811542682
492.4502486393814
500.9229703859659
501.6561365917452
495.5678797590835
493.4629112007649
492.68657378692956
499.1231776087331
498.74133571678914
490.6753909564568
491.40111385050227
489.6322108169647
484.77396124831347
487.898291348576
485.8785487096094
488.3549385234446
491.3970200290487
489.7825657139875
493.00551969472286
500.1604030988381
495.2303255719557
493.6002403022535
492.5842282505898
487.8391170202923
491.79449287563364
497.0048110892936
497.909545630537
500.1801278749327
495.2388853804496
495.96870209594863
486.61543657125554
477.652944912587
480.08504702160616
481.38613791267437
477.91085566416314
474.0838769362299
474.915667022482
476.1981496342158
476.86544253115096
477.7307275202052
479.3976571829897
481.41814415312973
483.10628725435555
484.62509501363746
488.8778311727441
492.220250306807
492.58757774087
493.1912303224812
494.12201645479286
494.61699668509056
494.98469628474027
495.40598772887336
496.0680703075949
509.1236390886801
507.9572721399936
500.6003028223057
483.309861830275
475.3339811419216
476.06417002300736
477.28971129997757
478.9112367611859
480.7006089019914
476.53421515899686
473.8081022364926
471.37227847160653
468.40314142099373
467.131451611274
474.26288858342775
483.75385537519617
488.3999705594341
483.34521756101054
476.25583530015274
468.9643671257223
469.34174303062593
477.6626212178409
485.43232217116804
486.6310675258965
485.8543579464745
485.74791858868116
483.0173396791366
476.96890456425075
470.48205838824407
469.58700015225463
472.8319119026047
478.61350429183386
479.36379011460093
476.53049350312995
477.08204290260454
480.73931412300715
465.9996960621497
452.7818630852677
456.0706903748472
460.25532023158956
462.61410572003075
466.80134073588
467.4165304506785
457.7632994631133
450.8670711417476
449.5834720332538
446.7970682857058
431.64285776127565
424.2419729043583
420.64573684017284
413.18716631731854
410.31032633220485
408.5875718314169
399.76017628071673
398.72890543999875
403.27751324052394
405.91616725015604
413.1477167651294
434.34812941092525
442.83871510567093
441.9444012008549
439.479548520207
439.1967026743226
441.64294707563596
445.3493441534817
448.47627941285106
452.1525310781749
457.9464049317648
463.1302993887698
464.2032527751971
464.3048539803635
464.8765003215193
465.49169003631783
465.8247782364054
466.2088531218695
466.58585686118647
467.09944537081867
467.80246616407607
468.55759013947005
469.3715162775611
470.1318505711688
470.8609229554945
471.53379833623
472.33321001644015
472.990082276948
473.3856942955994
473.5021821242334
467.81884144989044
459.6099851042691
459.0580635392078
459.62710472125684
460.93675542081894
468.0000860906085
477.8833154107481
476.35520351179895
477.60940153894427
464.1317969825526
450.27086187187024
447.77660810987385
450.80938547581064
450.6154872051452
439.096590131503
435.8505618843928
440.35525414568855
442.66863543255363
436.6283879605749
443.4018016383329
455.1804702914847
466.23564904411114
476.90340342099336
473.4199335295749
465.07784190391857
462.82326277975056
464.4034778608363
466.5959053320271
472.6577384080338
473.55912345899696
472.5836774562825
474.4928869160022
479.68720200943454
478.2912088937603
477.30310926109837
475.6830724622368
477.13005226328755
470.4433531672283
465.4328878736208
471.1553059345663
474.8442112298376
470.7168948734455
462.7469688344791
463.84820680549484
468.774934842097
473.80251975269226
468.9211959176662
456.24784119411163
452.73422589017133
456.11497807966333
456.4078723963883
459.15780391644074
453.76735755882277
443.3843098557585
441.6195006436745
446.69435058377934
451.6564343511171
459.964286742798
464.75219701556483
465.5229519455998
466.56724858185197
465.9632238346541
463.1425808531306
459.85300923237764
460.97397197948794
460.90735433947043
457.89616257756165
455.5757101445495
455.38776652327107
456.216207119243
461.56534309673833
466.3305512687171
466.387120437894
466.716114816528
466.6874580663528
464.7235402653897
462.60070775890995
462.3390753514669
462.6315975026052
463.41835555286787
464.22223322011826
464.8835714676664
465.7019635927977
466.5367310037434
467.3584726191549
468.0231603569832
468.7574430595226
469.5468062688921
470.38231801101114
471.3157093024297
472.18732110645766
472.81516445120366
473.4255160133753
474.1501224106607
474.9063628828148
475.74447978404066
476.9930953273856
479.0794556063698
481.4080956822891
482.3779592012032
481.7668633078583
477.38238053106335
467.6346194844789
463.97474310496943
464.84077242519703
471.64358718430356
480.4858693584713
477.5945149154767
470.22526413342797
463.99111839078375
451.97910191477735
446.96565929647636
446.2410528991909
450.88679591784216
464.2683817528678
476.3284075895573
481.45052255917176
481.19447263552905
477.84386585855896
477.9049010147761
473.94543133798123
474.878450463813
475.86022328150125
476.759747504531
476.1776805269478
474.160543047088
474.77647709305995
478.5729382428847
483.21719259918916
486.1941451271225
483.7746966480508
481.3295687434975
481.77430661959204
482.58972142002983
482.9369519124116
482.79366816153595
482.900479684916
483.3511722103976
484.8617923267723
485.3869179695919
485.45874592782303
485.5837935649509
485.963030297788
486.3355680500647
486.676099561886
487.10371782099287
487.6474517431469
488.4356984557564
489.0136716118859
489.6095087161766
490.3690986786109
491.2183805474375
492.1152996113604
492.83506785601884
493.555208266264
494.028230726947
492.70443773509066
491.2433156417457
491.6311121830767
492.36874437589626
493.01742899349694
493.75654984866327
494.6460256008524
495.7133965034793
496.32300373447754
496.7785344125861
496.5436979273847
492.72788416705214
484.36048528150087
477.6123788636378
478.10475393482864
483.3005576906077
483.11038107580913
474.7943410412211
465.78607301538966
461.6598731557576
462.8057709971761
462.42244044288543
460.68666014656327
460.6181816786123
463.5962507033057
464.792763064514
462.51399317721115
457.05506835164226
452.1000557304516
449.0557412313274
450.2682567127634
454.44693192011874
469.1046735519044
473.32242614586215
466.1753582190674
460.6330683020799
466.6885745631129
474.3429041845661
469.1928767959499
463.5073031280868
464.52554817327064
463.27097798053865
461.2318827310641
460.58617543815694
468.5538684836032
465.23080196004815
454.3222564485776
455.84180853903285
457.3829462335161
457.5132041888576
453.57159846022387
454.34533071495235
461.7655681823776
469.33951003710575
467.9807334801006
460.72722619551246
455.9519695526931
458.7346516443742
458.97693144130943
467.46342331460147
477.73296051372535
487.41261525794556
486.6775882242328
478.79326027020517
471.19066166530183
473.0775411898201
478.65555900312984
481.8278984640754
483.6998913651261
484.08061676030997
484.3619739438476
484.6005320849159
484.97455849953934
485.45539643754284
485.66269266932915
485.7948114526041
486.0035963467372
486.297979325809
486.4769909730069
486.5138353660892
486.7747234423589
486.84171324796307
486.58901281460055
487.02891253806814
487.74012097423275
488.20942177904885
488.8246114938474
489.6407706254586
490.24516753824315
487.08622603841843
483.5435818187163
483.9868310324641
484.62435068246407
485.0769040358791
485.52052541521357
486.1305048117985
486.6489314740577
487.13274673675465
487.8424665105725
488.81940117563374
489.9693928385058
490.4907968254585
492.59353239025705
494.2604620530415
486.4442404013782
476.4426624246711
475.5978465428848
476.7977083943734
477.3730763913961
478.0325538110108
478.2361283869302
475.1460375206432
474.4560425229199
466.22485624209713
460.1377159061955
467.04399269840184
469.39310188158913
460.8228727512918
455.4313098969138
453.9716764659156
451.1387520200313
451.2995275534814
452.10154439279836
454.92702552694885
465.3886001688047
480.2997865651263
483.95966294463574
475.2569428654768
465.8061699570709
459.3621228235336
452.21654355908555
450.2090823844797
450.90763719069685
451.4111772294884
449.7070310080349
449.00066072449727
451.09930246784216
449.6813515825533
446.8365178378949
443.93623142081975
445.4021916667917
447.36834246127495
447.35531666574076
446.1856002267741
445.3184544097864
447.15881323596847
447.79149473334144
446.86889624393694
446.7438486068091
450.1201348092608
447.22505871039925
445.4014473356183
451.2455635434113
454.6724642656529
456.25007418763175
457.7640437942867
456.9155062566335
456.3006887074216
455.98285929638837
456.8038565806265
458.36881287265794
459.1001182505038
459.61296242896265
