Time		Moment 
---------------------------------------------------000101110000100101000101
000101110000100101010100
000101110000100101110110
000101110000100110000101
000101110000100110001100
000101110000100110000110
000101110000100110000101
000101110000100101110101
000101110000100101100111
000101110000100101101101
000101110000100101110100
000101110000100101111110
000101110000100110000000
000101110000100110001001
000101110000100110000110
000101110000100101111110
000101110000100110000001
000101110000100110000001
000101110000100110000111
000101110000100110001101
000101110000100101111101
000101110000100101111100
000101110000100101111011
000101110000100110000101
000101110000100101111000
000101110000100101111011
000101110000100101111101

0
0
0
00
000
000
000
000
000
00010
0001
00010
00010
00010
000101
0001011
00010111
00010111
00010111
00010111
000101110000
000101110000
0001011100001
0001011100001
0001011100
000101110000100
000101110000100
00010111000010
000101110000
0001011100
00010111000010010
000101110000
0001011100
0001011100001001010
000101110000100
000101110000
000101110000100
000101110000
00010111000010010110010
0001011100001001
000101110000100101101101
0001011100001
00010111000010010
000101110000100101101110
000101110000100101110100
000101110000100101101001
000101110000100101100101
000101110000100101100011
000101110000100101011000
000101110000100101011101
000101110000100101011110
000101110000100101011110
000101110000100101100011
000101110000100101101100
000101110000100101101011
000101110000100101100010
000101110000100101100100
000101110000100101101000
000101110000100101100011
000101110000100101101000
000101110000100101100101
000101110000100101011111
000101110000100101100010
000101110000100101110000
000101110000100101110011
000101110000100101110000
000101110000100101101001
000101110000100101101000
000101110000100101101001
000101110000100101110111
000101110000100101110001
000101110000100101101001
000101110000100101101100
000101110000100101110011
000101110000100101110100
000101110000100101101001
000101110000100101110001
000101110000100101101110
000101110000100101101101
000101110000100101110110
000101110000100101110100
000101110000100101111000
000101110000100110000010
000101110000100101111111
000101110000100101110001
000101110000100101110000
000101110000100101101001
000101110000100101110100
000101110000100101110101
000101110000100101110100
000101110000100101101011
000101110000100101011011
000101110000100101011011
000101110000100101101110
000101110000100110000000
000101110000100110000001
000101110000100101101001
000101110000100101100011
000101110000100101100111
000101110000100101101110
000101110000100101100111
000101110000100101101010
000101110000100101101110
000101110000100101011101
000101110000100101100101
000101110000100101100000
000101110000100101100101
000101110000100101101001
000101110000100101101101
000101110000100101101000
000101110000100101011011
000101110000100101100010
000101110000100101100110
000101110000100101100101
000101110000100101011110
000101110000100101100001
000101110000100101100110
000101110000100101110001
000101110000100101100110
000101110000100101101110
000101110000100101101100
000101110000100101101100
000101110000100101101011
000101110000100101101011
000101110000100101110000
000101110000100101011111
000101110000100101010111
000101110000100101100101
000101110000100101011011
000101110000100101100001
000101110000100101010111
000101110000100101010110
000101110000100101010111
000101110000100101001110
000101110000100101010111
000101110000100101010111
000101110000100101010010
000101110000100101010101
000101110000100101011000
000101110000100101010101
000101110000100101011101
000101110000100101011101
000101110000100101000111
000101110000100101010100
000101110000100101011011
000101110000100101001010
000101110000100101001001
000101110000100101000101
000101110000100100111101
000101110000100101001000
000101110000100101001000
000101110000100101001011
000101110000100101011000
000101110000100101010110
000101110000100101001010
000101110000100101000110
000101110000100101001000
000101110000100101010000
000101110000100101010011
000101110000100101001011
000101110000100101001000
000101110000100101001101
000101110000100101001001
000101110000100101010000
000101110000100101000101
000101110000100100111100
000101110000100100110111
000101110000100100110011
000101110000100101001101
000101110000100101001100
000101110000100101000111
000101110000100101000001
000101110000100101001011
000101110000100101010000
000101110000100101010010
000101110000100101000101
000101110000100100110011
000101110000100100111101
000101110000100101001000
000101110000100100110111
000101110000100100111011
000101110000100101001101
000101110000100101001110
000101110000100101010101
000101110000100101010000
000101110000100101000101
000101110000100100110000
000101110000100100101100
000101110000100100110011
000101110000100100110000
000101110000100100101111
000101110000100100101010
000101110000100100110111
000101110000100100110000
000101110000100100100110
000101110000101000100101
000101110000110011000110
000101110001010000000000
000101110001010100110010
000101110001100110000001
000101110001010100011101
000101110001000000000011
000101110001000110100111
000101110001011101101101
000101110001101101110111
000101110001111110100101
000101110010010100101101
000101110011001100100010
000101110011111111011111
000101110100010101000100
000101110100010100100011
000101110100000110000100
000101110100010010111011
000101110101000101100100
000101110101100111101001
000101110110000001001101
000101110110010111010000
000101111000001000001011
000101111011001000100011
000101111101000100111001
000101111110110001001111
000110000000010111011100
000110000010011110111110
000110000101111110110100
000110001011000100010101
000110010000110011011010
000110010101000010011011
000110010110101000111001
000110010110110010010011
000110010110011111011110
000110010101011111111100
000110010011100000010101
000110010001000000111001
000110001110001001001000
000110001011011010111001
000110001010001101000000
000110001010111110001110
000110001011010111010101
000110001010101101111000
000110001000100001010110
000110000100000011010110
000101111100110100100100
000101110110010011101111
000101110011001001111100
000101110001100100001011
000101110000110101110101
000101110000110101000011
000101110000111010010001
000101110000011001101111
000101101110100101010100
000101101100111111011110
000101101010101000001100
000101100110100111101011
000101100000110111111000
000101011011000001111100
000101010110011011001010
000101010010101000010110
000101001110111000001010
000101001011000011000110
000101000111110010100111
000101000100000011011101
000101000000100110010000
000100111110011000111000
000100111100000000110011
000100111001101001010100
000100110111010001111001
000100110100001010000110
000100110000111011000001
000100101110000100100010
000100101010111101000101
000100100110101101111110
000100100010000110111011
000100011100011101101011
000100010111000101010000
000100010001101100000111
000100001010110101110100
000100000100100111010111
000011111100101101001011
000011110110010111001110
000011110011101111100010
000011101101101101010111
000011101101101100010110
000100000011010111111111
000100011100000100100000
000100100110011111101010
000100100101100101010100
000100100110110111011100
000100101100000010100000
000100100110001011101110
000100010010010001100010
000011110001001110100001
000011000110100110010111
000010011111010010111000
000001111100100110000110
000001100010011110000000
000001010000110110101010
000000111101110111011010
000000101101000101001110
000000100101110000111111
000000011100111110001010
000000010011111100010100
000000010000000011100001
000000001110001100100000
000000001100001111001011
000000000110111000111110
111111111111100101011010
111111110011110011101000
111111100101000011110000
000000010010111111000101
000010101001111110011100
000100111100111000110100
000101101010011101111110
000101101101111001011100
000101101110001011100110
000101101110000110011010
000101101111101100100111
000101110100101110000111
000101111101010101001000
000110001100000100111110
000110101100000011100101
000111010111000101000111
000111111110001011000000
001000100110101001111010
001001010101111000000111
001001111001100111001110
001010011011001001110111
001010111111011111110110
001011100101101100111000
001100001101011100011001
001100110110111001100101
001101010110111000101100
001101101100111110111100
001110000011010011001010
001110010000000011111011
001110010001000111111101
001110011010101011110001
001110100101010011000000
001110110010000011111101
001110111101010101001110
001111000001100011001011
001110111011000110010100
001110101011110001000111
001110011100101001111000
001110011010000111100001
001110100000000100111000
001110100001111101000010


00
00
00
00
00
0001
0001
0001
0001
00010
000101
00010110
0001011
000101101
0001011010
00010110100
000101011111
0001001110011
00001111110111
000011100111
00010000011000
00010011111110
000101
0001011100010100
0001011100011000
0001011100011000
00010111000110000
0001011100011000010
0001011100010111111
000101110001011110
0001011100010111011
000101110001011100010
00010111000101101
0001011100010110
00010111000101
000101110001011000
00010111000101011100
0001011100010101
000101110001010101
00010111000101001
0001011100010100
000101110001010
000101110001010000101110
000101110001001111101111
000101110001001110100111
000101110001001101101111
000101110001001100111011
000101110001001100000101
000101110001001011010011
000101110001001010011110
000101110001001001101010
000101110001001000101101
000101110001001000010000
000101110001000111100110
000101110001000110111000
000101110001000110010101
000101110001000101100100
000101110001000100111001
000101110001000011111111
000101110001000011101011
000101110001000011100110
000101110001000011001000
000101110001000010100110
000101110001000010000100
000101110001000001100100
000101110001000001001100
000101110001000000111001
000101110001000000011110
000101110001000000000011
000101110000111111011100
000101110000111111000000
000101110000111110011101
000101110000111110001110
000101110000111101111010
000101110000111101011010
000101110000111100111111
000101110000111100111111
000101110001000011110110
000101101111110000001100
000101100000000100111010
000101011010101001100111
000101111110110010110010
000101110110110100000011
000101010110101010110110
000101110110000011010101
000101010110010000010100
000101010100001111111111
000101101001000000110101
000101011000000111100010
000101100011111100110000
000101101111110101111010
000101110010110000111101
000101110101111110000001
000110000010111001010000
000110100111011010111111
000111101000111110110001
001000101001000110011001
001001011111000011000000
001001101000011000101000
000111111010001110001101
000110001100110110011110
000101110011011101101101
000101110001101001101001
000101110001100000010001
000101110001011010000100
000101110001101100000001
000101110110000110110110
000101111111000110111001
000110000010011010011100
000110001011011001000100
000110101100100001011001
000111100101110110000010
001000100000001010011000
001000011010000000000011
000111011011010111001100
000110111010101010000111
000110100111001001111010
000110011101000111110000
000110011010011110101011
000110010110010010111110
000110001011111000111101
000101110110100101010001
000101101111011001101000
000101111010011111100000
000110100000100011010001
000111011101100001000000
001000101000110001111000
001010011011100101001000
001100000111111010100011
001101010000111011101011
001101111001101101001111
001110001110010011001111
001110011000111111000001
001110010100101100100111
001101100101001001011000
001100100001111100101101
001100001110001010011000
001100010001000111010010
001100011000101110110010
001100001000000110111010
001011011001110001001111
001011001000010000011110
001011001110110110011010
001011000101101101011010
001010101000011100100110
001010011100000100011101
001010101011000110010111
001010111001111110111100
001011000110000101010101
001011011100110011010101
001011101111101110010010
001011101010011101000111
001010100100101001111110
001000001001111000100011
000110011000011101011011
000101111101101010110010
000101110110010100111011
000101110100001101111100
000101110011110100011111
000101110011101001100011
000101110011100000100010
000101110011010010000001
000101110001011001100111
000101110000000001101011
000101101111111111001011
000101101101110110101001
000101110000001101000001
000101110000000100111001
000101101101110011100011
000101101100110010111110
000101100100001111000110
000101001001000001010000
000100010000001011011111
000010101100101011101010
000000111011011101100110
111111110011111101001010
111110111000100010011100
111101111000010010110000
111100110011001000001011
111011101001011011111011
111010111100001000101000
111010100100111001000011
111010011010001110011010
111010001101001001101110
111010000110000100100110
111001111101000101101101
111010001011000001101110
111010111010000000100010
111011011111110111010010
111011110000000001100110
111011111111110110100011
111100000101111110100111
111100001100100010010010
111100000001101110100010
111011101011001001010011
111011100111011010101111
111011100110011000100010
111011110000001100001011
111011111100000011000011
111100011010000001100101
111110010111111111100101
000010000001010100001110
000100110111111110001001
000101101000101111011000
000101101110111101011010
000101110011000100100011
000101110001011101100011
000101110100111001010100
000101111010001011010010
000101111001111110100011
000101111000100010100101
000101110101000100001111
000101110001101011111000
000101110010101110111011
000101101111110111001000
000101101101011001001111
000101110111111101011011
000110100010110001101101
000111101010010110110101
001001011001101000001010
001011010000100001001001
001100010101011011101000
001101000110001100010000
001101110000101001101011
001110001101100111111101
001101101110010010110100
001010100010101100100111
000111001011101000101001
000101111110001100111010
000101110100001000011111
000101110010011000110101
000101110001111000010010
000101110001101110101001
000101110001100111101010
000101110001100010000101
000101110001011110000011
000101110001011010110110
000101110001011000000000
000101110001010101111111
000101110001010100011010
000101110001010011010100
000101110001010010001100
000101110001010001001100
000101110001010000011011
000101110001001111101011
000101110001001111001000
000101110001001110101111
000101110001001110001101
000101110001001101100111
000101110001001101010101
000101110001001101001011
000101110001001100111100
000101110001001100101001
000101110001001100011000
000101110001001100100110
000101110001001100100000
000101110001001100100011
000101110001001100100011
000101110001001100010110
000101110001001100011001
000101110001001100100000
000101110001001100010111
000101110001001100010010
000101110001001100011110
000101110001001100101111
