-8388608
-8388608
-8388608
-8388608
-8388608
-8388608
-8388608
-8388608
-8388608
-8388608
-8388608
-8388608
-8388608
-8388608
-2
-32
-512
-16384
-262144
-4194304
-8388608
-8388608
-8388608
-8388608
-8388608
-8388608
-8388608
-8388608
-8388608
-8388608
-8388608
-8388608
-8388608
-8388608
-8388608
-8388608
-8388608
-8388608
-8388608
-8388608
-8388608
-8388608
-8388608
-8388608
-8388608
-8388608
-8388608
-8388608
-8388608
-8388608
-8388608
-8388608
-8388608
-8388608
-8388608
-8388608
-8388608
-8388608
-8388608
-8388608
-8388608
-8388608
-8388608
-8388608
-8388608
-8388608
-8388608
-8388608
-8388608
-8388608
-8388608
-8388608
-8388608
-8388608
-8388608
-8388608
-8388608
