-6405.0
-6405.0
-6405.0
-6405.0
-6405.0
-6405.0
-6405.0
-6405.0
-6405.0
-6405.0
-6405.0
-6405.0
-6405.0
-6405.0
-0.00152707099915
-0.0244331359863
-0.390930175781
-12.509765625
-200.15625
-3202.5
-6405.0
-6405.0
-6405.0
-6405.0
-6405.0
-6405.0
-6405.0
-6405.0
-6405.0
-6405.0
-6405.0
-6405.0
-6405.0
-6405.0
-6405.0
-6405.0
-6405.0
-6405.0
-6405.0
-6405.0
-6405.0
-6405.0
-6405.0
-6405.0
-6405.0
-6405.0
-6405.0
-6405.0
-6405.0
-6405.0
-6405.0
-6405.0
-6405.0
-6405.0
-6405.0
-6405.0
-6405.0
-6405.0
-6405.0
-6405.0
-6405.0
-6405.0
-6405.0
-6405.0
-6405.0
-6405.0
-6405.0
-6405.0
-6405.0
-6405.0
-6405.0
-6405.0
-6405.0
-6405.0
-6405.0
-6405.0
-6405.0
