626.600683852072
626.7997924409513
626.8262161976062
626.7670418693225
626.4860568513716
625.6278430084644
624.0226928330704
622.7748216208989
622.4398725928779
622.5005355835084
622.6869905424401
622.9266651802684
623.190158415645
623.4651887842089
623.7417078151195
624.0133886934033
624.2828365781668
624.550423634997
624.8068457242263
625.0591739920021
625.5556428846465
625.7945731913015
626.0297818420896
626.2638739961177
626.4957331566255
626.7223819989198
626.9479143444539
627.1727023588146
627.3937687173085
627.6073917640686
627.8228756387621
628.0361265199355
628.246772242002
628.4574179640686
628.6665750237883
628.8656836126675
629.0562323930527
629.2374770337708
629.4187216744888
629.5984776528601
629.7804666247515
629.9639442589896
630.1481662244012
630.3435531574135
630.537451428079
630.7272558772909
630.9196654856096
631.1198905712488
631.3175104977812
631.5128974307934
631.7112616884992
631.9178135891121
632.117294343578
632.3119369454168
632.5091847063626
632.7041994737881
632.9014472347338
633.0938568430525
633.2777066428774
633.4663945953292
633.6558268789545
633.8437705002328
634.0227821474308
634.1969556420017
634.3733621300928
634.54344180321
634.706822495767
634.8631320421767
635.0157199327197
635.1627253394622
635.3160575611785
635.4742279355218
635.6245828325445
635.7760542263273
635.9316194415637
636.0819743385865
636.2323292356093
636.3793346423519
636.525595717921
636.6785557740507
636.8270498431399
636.971077925189
637.1173390007581
637.2695547257143
637.4199096227371
637.5684036918263
637.7157812641557
637.8665083267651
638.0194683828947
638.1746614325444
638.3220390048737
638.4642062589892
638.6056291819315
638.7522624230872
638.8936853460295
639.0306422819314
639.1675992178333
639.3116272998824
639.4604935345584
639.6141979218613
639.763436322124
639.9003932580259
640.0351172004077
640.1646308245759
640.2915392896372
640.4110044429647
640.5338190865723
640.661471882807
640.7835421952414
640.8977970303552
641.0194951772028
641.1393324961169
641.2591698150311
641.3767741404251
641.5062877645933
641.6413838725617
641.7802016363971
641.9223688905128
642.0574649984812
642.1966549279033
642.3403108443656
642.4921544037351
642.6477196189716
642.7887703763271
642.932798458376
643.0824090242254
643.2312752589014
643.3838631494443
643.5304963906002
643.6670811609155
643.8025494344706
643.9331795553987
644.0567385301798
644.1773201802674
644.2967853335949
644.4188556460292
644.53794863377
644.6548086279907
644.7694356286912
644.8822018014583
644.9975731333321
645.1122001340327
645.2160343327192
645.3116808884986
645.4013727948908
645.4977636818436
645.5863390914758
645.6797526537349
645.7791208653812
645.8688127717735
645.9603655060993
646.0444749286911
646.1237461986561
646.201900971861
646.2804279106526
646.3626765053111
646.441947775276
646.5294066881482
646.6228202504074
646.7046966794792
646.7835957838574
646.8580289011954
646.9242743756263
646.9901476844705
647.0489498471675
647.105891181931
647.1617160199345
647.2205181826315
647.2782038485685
647.334028686572
