1683661
1684196
1684267
1684108
1683353
1681047
1676734
1673381
1672481
1672644
1673145
1673789
1674497
1675236
1675979
1676709
1677433
1678152
1678841
1679519
1680853
1681495
1682127
1682756
1683379
1683988
1684594
1685198
1685792
1686366
1686945
1687518
1688084
1688650
1689212
1689747
1690259
1690746
1691233
1691716
1692205
1692698
1693193
1693718
1694239
1694749
1695266
1695804
1696335
1696860
1697393
1697948
1698484
1699007
1699537
1700061
1700591
1701108
1701602
1702109
1702618
1703123
1703604
1704072
1704546
1705003
1705442
1705862
1706272
1706667
1707079
1707504
1707908
1708315
1708733
1709137
1709541
1709936
1710329
1710740
1711139
1711526
1711919
1712328
1712732
1713131
1713527
1713932
1714343
1714760
1715156
1715538
1715918
1716312
1716692
1717060
1717428
1717815
1718215
1718628
1719029
1719397
1719759
1720107
1720448
1720769
1721099
1721442
1721770
1722077
1722404
1722726
1723048
1723364
1723712
1724075
1724448
1724830
1725193
1725567
1725953
1726361
1726779
1727158
1727545
1727947
1728347
1728757
1729151
1729518
1729882
1730233
1730565
1730889
1731210
1731538
1731858
1732172
1732480
1732783
1733093
1733401
1733680
1733937
1734178
1734437
1734675
1734926
1735193
1735434
1735680
1735906
1736119
1736329
1736540
1736761
1736974
1737209
1737460
1737680
1737892
1738092
1738270
1738447
1738605
1738758
1738908
1739066
1739221
1739371
