1155.02458334
1155.03374577
1155.02534688
1155.0238198
1155.02992809
1155.02687395
1155.0238198
1155.02687395
1155.02687395
1155.03756344
1155.0345093
1155.04214466
1155.03832698
1155.03069162
1155.01389384
1155.03374577
1155.03298223
1155.0215292
1155.02687395
1155.02534688
1155.02076566
1155.0238198
1155.02992809
1155.02992809
1155.02611041
1155.01923859
1155.03527284
1155.03756344
1155.03603637
1155.03832698
1155.03298223
1155.02687395
1155.03221869
1155.02992809
1155.02840102
1154.87951159
1153.77009451
1153.29822958
1153.20126057
1153.18828046
1152.73168623
1143.80137503
1133.57458055
1140.03332734
1148.42840016
1151.35579526
1151.96967781
1152.03381479
1152.10100591
1152.22393513
1152.23080695
1152.14070976
1152.0490855
1152.3781693
1152.2147727
1152.0964247
1152.10176945
1152.05824792
1151.98494852
1152.02847004
1151.72076523
1151.91852093
0.0
0.0
0.0
0.0
0.0
0.0
0.0
0.0
0.0
0.0
0.0
0.0
0.0
0.0
0.000763535499573
0.00381767749786
0.00152707099915
0.0083988904953
0.0175613164902
0.0702452659607
0.140490531921
0.280981063843
1.13690435886
2.33412802219
9.3013894558
2.25624740124
34.1338545084
31.3293886185
1.7950719595
0.395511388779
0.169504880905
1.18195295334
1.05444252491
493.531785607
401.399011016
349.97489512
332.777021527
330.254300237
340.266541243
243.390684128
184.179269671
188.131329417
138.619106412
82.2091037035
47.8507697582
-12810.0
-12810.0
-12810.0
-12810.0
-12810.0
-12810.0
-12810.0
-12810.0
-12810.0
-12810.0
-12810.0
-12810.0
-12810.0
-12810.0
-12810.0
-12810.0
-12810.0
50.7751107216
121.325790882
174.175427556
223.781565428
245.628606677
280.119032264
345.535699725
374.894403219
297.308506966
281.385737658
265.037679076
246.851790547
222.614883184
198.829988837
177.579268813
186.9738096
323.913901448
310.521488786
313.262581229
287.364220619
234.697832465
197.951159477
237.041886449
305.131691694
292.610473037
224.741329551
202.613307238
262.480598688
216.172934175
161.46561563
173.196575046
272.515745759
266.558641791
194.867239594
208.173372746
274.775047302
387.942461371
377.013977766
317.132942677
284.330694079
349.857310653
402.149566412
416.06194675
399.401602149
396.25430882
382.244195938
399.103823304
428.544225097
373.828507662
390.943155885
488.748999238
497.347936034
474.104388356
415.711483955
385.971776247
355.212748647
413.849984407
495.915543437
489.68509376
445.660400391
389.217565656
379.07628715
421.634992361
389.739823937
417.498157024
440.702764392
538.194794655
526.418786645
454.030276537
422.955908775
456.730901599
485.331414342
469.798811674
460.710448623
436.329996586
453.165954351
440.052995682
476.078891158
485.22986412
428.346469402
498.182480335
563.552572131
557.029688358
536.991462708
509.001778364
444.709798694
524.991738796
453.184279203
385.373164415
423.591933846
504.826766253
445.660400391
337.581950426
314.700318575
417.23931849
439.633051157
376.457360387
384.079735279
378.505926132
346.822257042
329.670959115
385.306736827
422.837560773
368.01800251
308.567601442
349.867236614
321.704993248
358.621934652
452.539091706
504.31137979
458.584002256
373.213098049
317.607861757
297.349737883
292.050801516
303.12359333
299.451751113
313.937546611
347.188754082
330.126026273
266.354014277
246.318079233
216.741768122
228.064236045
260.856558681
258.22694242
175.520777106
260.504568815
309.412071705
306.209040284
287.846775055
264.300103784
241.543691754
270.2862221
204.59620893
164.610618353
91.4494103193
54.3629640341
71.2706941366
134.402863383
82.182379961
50.7270079851
78.5395520926
71.8166220188
108.380810022
6.68551683426
-12810.0
1.93479895592
-12810.0
-12810.0
-12810.0
32.3044234514
-12810.0
-12810.0
35.7861453295
-12810.0
-12810.0
-12810.0
-12810.0
-12810.0
-12810.0
-12810.0
-12810.0
4.19562757015
129.993445873
101.147838235
38.9311480522
6.05560004711
-12810.0
-12810.0
-12810.0
-12810.0
-12810.0
-12810.0
-12810.0
-12810.0
-12810.0
-12810.0
-12810.0
-12810.0
-12810.0
-12810.0
-12810.0
-12810.0
-12810.0
-12810.0
-12810.0
-12810.0
-12810.0
65.8816605806
133.981391788
177.446413636
225.739270449
256.909080148
296.40524447
313.093076348
329.062421322
295.230926871
286.893119216
310.439790487
305.395111442
315.85478425
327.323850989
397.59965837
368.354721665
355.307427049
311.071997881
233.177633286
211.141998768
244.302345514
321.743170023
292.612763643
228.549844623
214.476358294
247.132771611
238.37349236
202.751507163
165.497846603
101.990017891
135.239698291
239.76465404
204.29079473
183.975405693
171.933687329
192.532348037
222.537002563
204.661872983
177.265455723
164.016587734
114.305081964
94.4042927027
94.8326361179
104.098902941
121.786202788
117.589048147
104.20427084
47.2605568171
66.183257103
33.2489168644
57.4789524078
32.8770750761
11.7301958799
-12810.0
-12810.0
-12810.0
128.567925096
256.541056037
253.316645622
266.381501555
204.760369062
151.418251991
130.879910588
108.936663866
167.060803771
237.473284006
175.844516158
108.245664239
119.181783199
182.918672562
183.920431137
211.619208455
269.172987342
256.342536807
237.238115072
292.926576734
266.673935652
220.652596951
322.628871202
354.259856343
332.596063614
325.455479622
305.306541324
217.99243927
210.502919555
211.155742407
224.093087912
265.21863699
267.403875589
237.939040661
178.842920065
204.131215811
235.729368925
202.958425283
165.148147345
173.261475563
130.317948461
121.586156487
183.322582841
208.400906324
224.025896788
142.017602921
153.901269436
215.254400969
314.457514286
258.665975332
231.739132404
201.79861486
125.069405437
143.092660904
123.998165131
24.4942188263
-12810.0
15.7303583622
-12810.0
-12810.0
-12810.0
17.1337366104
142.733035684
193.518072367
239.148480892
200.640331507
140.904368162
132.771188021
132.786458731
152.529196143
187.520501018
182.258214355
161.285421252
171.76723659
239.246213436
208.849101663
194.122028947
243.369305134
258.352925777
306.290738583
342.670914531
329.715244174
384.120202661
411.818979979
361.476793885
306.77634716
261.094781756
255.474396944
237.78480649
248.16965282
0.0
0.0
0.0
0.0
0.0
0.0
0.0
0.0
0.000763535499573
0.0
0.00152707099915
0.00305414199829
0.00610828399658
0.0145071744919
0.0152707099915
7.07950115204
29.6297585964
107.706608176
0.346645116806
8.07591497898
56.9666200876
30.3222852945
3.42674732208
1.780564785
3.15874636173
107.089671493
0.866612792015
0.0305414199829
7.36735403538
96.5941125154
180.728089213
165.812423229
154.912953973
116.596451998
66.3871210814
106.75753355
97.9814565182
54.6302014589
91.2424921989
134.395228028
144.572392702
106.233748198
78.6907321215
106.018431187
148.410685658
136.564432383
119.723893404
93.0360370874
109.651333094
210.238736272
240.18383503
211.313794255
177.45939374
131.728198528
101.778518558
82.1938329935
35.4425543547
29.0364915133
16.6168230772
-12810.0
12.9365819693
47.0650917292
53.0435746908
63.6872595549
85.2601915598
119.600964189
100.667574406
93.9629691839
75.4525780678
107.986825705
119.873546362
112.338214517
75.8503800631
26.4526873827
20.7880175114
33.7749928236
6.22128725052
-12810.0
3.96733045578
-12810.0
-12810.0
-12810.0
-12810.0
-12810.0
-12810.0
-12810.0
-12810.0
-12810.0
-12810.0
-12810.0
-12810.0
-12810.0
-12810.0
-12810.0
-12810.0
-12810.0
-12810.0
-12810.0
-12810.0
-12810.0
-12810.0
-12810.0
-12810.0
-12810.0
-12810.0
-12810.0
-12810.0
-12810.0
-12810.0
-12810.0
-12810.0
-12810.0
-12810.0
-12810.0
-12810.0
-12810.0
-12810.0
-12810.0
-12810.0
-12810.0
-12810.0
-12810.0
-12810.0
-12810.0
-12810.0
-12810.0
-12810.0
-12810.0
-12810.0
-12810.0
-12810.0
-12810.0
-12810.0
-12810.0
-12810.0
-12810.0
-12810.0
-12810.0
-12810.0
-12810.0
-12810.0
-12810.0
-12810.0
-12810.0
-12810.0
-12810.0
-12810.0
-12810.0
-12810.0
-12810.0
-12810.0
-12810.0
-12810.0
-12810.0
-12810.0
-12810.0
-12810.0
-12810.0
-12810.0
-12810.0
-12810.0
-12810.0
-12810.0
-12810.0
-12810.0
-12810.0
-12810.0
-12810.0
-12810.0
-12810.0
-12810.0
-12810.0
-12810.0
-12810.0
-12810.0
-12810.0
-12810.0
-12810.0
-12810.0
-12810.0
-12810.0
-12810.0
-12810.0
-12810.0
-12810.0
-12810.0
-12810.0
-12810.0
-12810.0
-12810.0
-12810.0
-12810.0
-12810.0
-12810.0
-12810.0
-12810.0
-12810.0
-12810.0
-12810.0
-12810.0
-12810.0
-12810.0
-12810.0
-12810.0
-12810.0
-12810.0
-12810.0
-12810.0
-12810.0
-12810.0
-12810.0
-12810.0
-12810.0
-12810.0
-12810.0
-12810.0
-12810.0
-12810.0
-12810.0
-12810.0
-12810.0
-12810.0
-12810.0
-12810.0
-12810.0
-12810.0
-12810.0
-12810.0
-12810.0
-12810.0
-12810.0
-12810.0
-12810.0
-12810.0
-12810.0
-12810.0
-12810.0
-12810.0
-12810.0
-12810.0
-12810.0
-12810.0
-12810.0
-12810.0
-12810.0
-12810.0
-12810.0
-12810.0
-12810.0
-12810.0
-12810.0
-12810.0
-12810.0
-12810.0
-12810.0
-12810.0
-12810.0
-12810.0
-12810.0
-12810.0
-12810.0
-12810.0
-12810.0
-12810.0
-12810.0
-12810.0
-12810.0
-12810.0
-12810.0
-12810.0
208.856737018
147.097404599
10.6444483995
-12810.0
-12810.0
-12810.0
-12810.0
-12810.0
-12810.0
-12810.0
-12810.0
-12810.0
-12810.0
-12810.0
-12810.0
-12810.0
-12810.0
-12810.0
-12810.0
-12810.0
-12810.0
-12810.0
-12810.0
-12810.0
-12810.0
-12810.0
-12810.0
-12810.0
-12810.0
-12810.0
-12810.0
-12810.0
-12810.0
-12810.0
-12810.0
-12810.0
-12810.0
-12810.0
-12810.0
-12810.0
-12810.0
-12810.0
-12810.0
-12810.0
-12810.0
-12810.0
-12810.0
-12810.0
-12810.0
-12810.0
-12810.0
-12810.0
-12810.0
-12810.0
-12810.0
-12810.0
-12810.0
-12810.0
-12810.0
-12810.0
-12810.0
-12810.0
-12810.0
-12810.0
-12810.0
-12810.0
-12810.0
-12810.0
-12810.0
-12810.0
-12810.0
-12810.0
-12810.0
-12810.0
-12810.0
-12810.0
-12810.0
-12810.0
-12810.0
-12810.0
-12810.0
-12810.0
-12810.0
-12810.0
-12810.0
-12810.0
-12810.0
-12810.0
-12810.0
-12810.0
-12810.0
-12810.0
-12810.0
-12810.0
-12810.0
-12810.0
-12810.0
-12810.0
-12810.0
-12810.0
-12810.0
-12810.0
-12810.0
-12810.0
-12810.0
-12810.0
-12810.0
-12810.0
-12810.0
-12810.0
-12810.0
-12810.0
-12810.0
-12810.0
-12810.0
-12810.0
-12810.0
-12810.0
-12810.0
-12810.0
-12810.0
-12810.0
-12810.0
-12810.0
-12810.0
-12810.0
-12810.0
-12810.0
-12810.0
-12810.0
-12810.0
-12810.0
-12810.0
-12810.0
-12810.0
-0.00152707099915
-0.00152707099915
-0.00610828399658
-0.0122165679932
-0.0244331359863
-0.0977325439453
-0.195465087891
-0.195465087891
-0.390930175781
-0.781860351562
-1.56372070312
-0.781860351562
-12.509765625
-6.2548828125
-25.01953125
-6.2548828125
-12.509765625
-3202.5
-1601.25
-1.56372070312
-3.12744140625
-50.0390625
-800.625
-1601.25
-6.2548828125
-12810.0
-12810.0
-12810.0
-12810.0
-12810.0
-12810.0
-12810.0
-12810.0
-12810.0
-12810.0
-12810.0
-12810.0
-12810.0
-12810.0
-12810.0
-12810.0
-12810.0
-12810.0
-12810.0
-12810.0
-12810.0
-12810.0
-12810.0
-12810.0
-12810.0
-12810.0
-12810.0
-12810.0
-12810.0
-12810.0
-12810.0
-12810.0
-12810.0
-12810.0
-12810.0
-12810.0
-12810.0
-12810.0
-12810.0
-12810.0
-12810.0
-12810.0
-12810.0
-12810.0
-12810.0
-12810.0
-12810.0
-12810.0
247.445057631
478.876485229
676.642105579
834.399229288
946.019720435
1008.22037637
1028.29830587
1025.34953177
1019.96431589
1017.10487545
1015.71753144
1015.1960367
1015.28918803
1015.82595348
1016.665079
1017.73021102
1018.90376508
1020.12465835
1021.44328415
1022.85200715
1024.31417763
1025.8191061
1027.36297488
1028.90684366
1030.44231355
1031.98465526
1033.52928758
1035.06093979
1036.53532684
1037.98680782
1039.49173629
1040.98597527
1042.43821979
1043.89809966
1045.3701961
1046.82778537
1048.27850282
1049.70478714
1051.10740185
1052.48863757
1053.863765
1055.24958193
1056.67510271
1058.09909642
1059.50476527
1060.86843967
1062.21837044
1063.54921281
1064.85485852
1066.13836169
1067.40812123
1068.65650177
1069.89190221
1071.09599769
1072.29245782
1073.48662734
1074.66552615
1075.80624819
1076.93322659
1078.04417074
1079.16656792
1080.2630049
1081.3449347
1082.39174187
1083.43167722
1084.47161257
1085.49856782
1086.52934074
1087.55629599
1088.6061573
1089.72702742
1090.4859817
1091.27700448
1092.26807356
1093.20722222
1094.13949907
1095.12827754
1096.12163723
1097.00581133
1097.87471473
1098.74667227
1099.62779224
1100.51120281
1101.36025429
1102.27802396
1103.17746878
1104.08531249
1104.90305901
1105.72920442
1106.54924154
1107.36469746
1108.1893158
1108.99484575
1109.85382318
1110.66698849
1111.3381362
1112.01004744
1112.7147907
1113.45771074
1114.13114905
1114.82672989
1115.57194054
1116.31486058
1117.08603144
1117.81673491
1118.52758646
1119.30791974
1119.98059452
1120.61203837
1121.2450093
1121.85812831
1122.50026166
1123.15842927
1123.76467645
1124.36328828
1124.96724486
1125.59868872
1126.25761986
1126.85928583
1127.43575513
1127.97328413
1128.57953131
1129.20181274
1129.81187761
1130.41659772
1131.02666259
1131.61992967
1132.15364099
1132.68277109
1133.23098958
1133.77615392
1134.30070281
1134.79623735
1135.26962936
1135.74302137
1136.154567
1136.46838009
1136.72340095
1136.99369252
1135.63536286
1125.96518576
1111.35569751
1114.08533692
1134.86571908
1137.55412757
1136.65391922
1136.48212373
1136.45845413
1136.27444208
1135.80792189
1136.43020332
1136.79899096
1136.87992573
1136.92650139
1136.93490028
1136.9394815
1136.97460413
1136.99751019
1137.02423394
1137.07386374
1137.12043941
1137.20824599
1137.27849126
1137.28918076
1137.36018956
1137.3288846
1137.40371108
1137.39607573
1137.40371108
1137.4579221
1137.53885686
1137.57474303
1137.59459496
1137.60299385
1137.65033305
1137.66331315
1137.69614518
1137.73661256
1137.76104569
1137.78929651
1137.80609429
1137.84274399
1137.87863016
1137.88626552
1137.91527987
1137.96032846
1137.98170745
1138.00155938
1138.03133726
1138.07180464
1138.10234606
1138.13136041
1138.16877365
1138.20313275
1138.23062003
1138.25963438
1138.28254044
1138.31079125
1138.35354924
1138.37111056
1138.39325309
1138.42684865
1138.45433593
1138.48182321
1138.51236463
1138.53068948
1138.56581211
1138.59635353
1138.62002313
1138.6452198
1138.6688894
1138.69714022
1138.73531699
1138.76814902
1138.79258215
1138.82006943
1138.83915782
1138.86282742
1138.89107823
1138.91780198
1138.95903289
1139.05447483
1139.27666366
1139.41180944
1139.41180944
1139.44998622
1139.41486359
1139.39806581
1139.38432217
1139.39348459
1139.41180944
1139.44158733
1139.44693208
1139.46831107
1139.52099502
1139.66301262
1139.70271647
1139.64545131
1139.72562253
1139.67675626
1139.73096728
1139.72104132
1139.72562253
1139.72027779
1139.73478496
1139.7615087
1139.77448881
1139.76838052
1139.77830648
1139.78823245
1139.79281366
1139.79739487
1139.81801033
1139.87985671
1139.92032409
1139.92337823
1139.92261469
1139.91879702
1139.92337823
1139.95010197
1139.98980582
1140.01042128
1140.00813067
1140.02721906
1140.07074058
1140.08524776
1140.08906543
1140.08906543
1140.09441018
1140.12571514
1140.16160131
1140.1593107
1140.16770959
1140.18450737
1140.19901454
1140.22726536
1140.26009738
1140.27536809
1140.3120178
1140.31736255
1140.32194376
1140.35248518
1140.36393821
1140.38379014
1140.4196763
1140.42883873
1140.43952823
1140.45938015
1140.50595582
1140.50900996
1140.51588178
1140.55176795
1140.57849169
1140.58841765
1140.61132371
1140.62506735
1140.63652039
1140.63346624
1140.62735796
1140.63193917
1140.64720988
1140.67469716
1140.68004191
1140.68462312
1140.70523858
1140.73043525
1140.75563192
1140.77319324
1140.78770041
1140.79686284
1140.80984294
1140.83274901
1140.85794568
1140.86023629
1140.87397993
1140.87856114
1140.90299428
1140.92208266
1140.94193459
1140.95491469
1140.96942186
1140.98851025
1140.99614561
1141.0045445
1141.02668703
1141.04195774
1141.05646491
1141.06410027
1141.08547926
1141.11296654
1141.12518311
1141.13052785
1141.15343392
1141.16870463
1141.19695544
1141.23971343
1141.26949131
1141.31072223
1141.3099587
1141.33286476
1141.36035204
1141.370278
1141.37867689
1141.38707578
1141.37485921
1141.36951447
1141.38783932
1141.39471114
1141.39929235
1141.40921831
1141.43059731
1141.43365145
1141.44281387
1141.45503044
1141.47717297
1141.488626
1141.50771439
1141.52069449
1141.52603924
1141.53214753
1141.53978288
1141.56116188
1141.61842704
1141.64438725
1141.6650027
1141.66347563
1141.65813088
1141.64744139
1141.67034745
0.0
0.0
0.0
0.0
0.0
0.0
0.0
0.000763535499573
0.00152707099915
0.00152707099915
0.00152707099915
0.00152707099915
0.00152707099915
0.00381767749786
0.00381767749786
0.0083988904953
0.0083988904953
0.0694817304611
0.138963460922
0.278690457344
0.278690457344
0.557380914688
2.22952365875
0.278690457344
8.92114877701
0.278690457344
8.92114877701
71.3707172871
8.92114877701
570.984826684
0.557380914688
2.23028719425
1142.00248539
1142.02997267
1142.03455389
1142.06738591
1142.07883894
1142.10098147
1142.09792733
1142.10403562
1142.12388754
1142.13686764
1142.14755714
1142.16359138
1142.17504442
1142.19107866
1142.19031513
1142.19947755
1142.22314715
1142.23154604
1142.24299908
1142.25979686
1142.27277696
1142.28422999
1142.29110181
1142.2995007
1142.30942667
1142.32240677
1142.32851505
1142.33004212
1142.33691394
1142.3445493
1142.36134708
1142.381199
1142.39876032
1142.42319345
1142.43693709
1142.4392277
1142.44915366
1142.45068073
1142.46442437
1142.47435033
1142.48274922
1142.48962104
1142.50260115
1142.51252711
1142.52703428
1142.54994035
1142.5682652
1142.5812453
1142.58659005
1142.59269834
1142.60644197
1142.60338783
1142.60415137
1142.61255026
1142.62323976
1142.62247622
1142.63851047
1142.66676128
1142.66752481
1142.67592371
1142.7316618
1142.79732585
1142.8629899
1142.90574789
1142.87291586
1142.88055122
1142.90269375
1142.91414678
1142.89582193
1142.91185617
1142.92789042
1142.91949153
1142.92789042
1142.95614123
1142.9576683
1142.94697881
1142.96148598
1142.96377659
1142.96224952
1142.96072245
1142.96912134
1142.96606719
1142.96912134
1142.97217548
1142.98286498
1142.98057437
1142.98897326
1142.99431801
1142.99508154
1143.01264286
1143.03249478
1143.02944064
1143.02867711
1143.03478539
1143.04852903
1143.04776549
1143.05081964
1143.06227267
1143.05311024
1143.0607456
1143.06838095
1143.07907045
1143.09434116
1143.11572015
1143.11342955
1143.10503066
1143.11801076
1143.12640965
1143.13786268
1143.14702511
1143.15618753
1143.15236986
1143.16534996
1143.18214774
1143.17756653
1143.17374885
1143.18291128
1143.19970906
1143.20047259
1143.21497977
1143.21879745
1143.2264328
1143.22948694
1143.23330462
1143.24857533
1143.26384604
1143.273772
1143.273772
1143.20963502
1142.61102319
1142.28270292
1142.22238362
1143.43335092
1144.57330942
1144.53284204
1149.36373115
1212.33861208
1318.90755236
1389.61857498
1438.3955133
1281.64472938
1175.12389183
1157.68932223
1144.44198132
1142.84390152
1144.06861246
1144.54429507
1144.42671061
1144.83443856
1145.24445713
1146.2569052
1148.50093603
1152.6858741
1167.16021657
1201.6536963
1230.05263567
1246.50682569
1238.59812498
1223.98710966
1211.27729774
1191.67428732
1172.71035612
1170.00438631
1174.1511476
1168.06882381
1158.78499568
1155.78659177
1155.2559346
1153.66854429
1152.44230628
1151.45276427
1150.35785437
1149.49047804
1148.68647516
1147.92064905
1147.94737279
1148.46352279
1148.89568388
1149.10107493
1149.16521192
1149.03541088
1148.84529054
1148.53987634
1148.35968196
1148.18330526
1148.01609099
1147.85345793
1147.71831214
1147.61218071
1147.48696089
1147.36708581
1147.27164388
1147.19147265
1147.10290253
1147.01204181
1146.92270815
1146.86315238
1146.81657672
1146.76923752
1146.71960771
1146.67608619
1146.63027406
1146.585989
1146.5516299
1146.54933929
1146.52261555
1146.50123656
1146.47680342
1146.45389736
1146.43862665
1146.42641008
1146.38059795
1146.2675947
1146.55926526
1146.9990617
1147.59614646
1148.11764121
1148.66662323
1148.74832153
1148.73305082
1149.37823832
1150.01044571
1150.24790525
1151.16109371
1151.68640614
1151.48635983
1151.79330111
1152.19263017
1152.43543446
1152.00709105
1151.36877537
1150.50674379
1150.39755821
1150.01808107
1150.40748417
1151.48330569
1151.55278742
1151.05572581
1150.47925651
1150.11046886
1149.50269461
1149.08045948
1149.43932116
1149.76382375
1149.53170896
1149.39274549
1149.54316199
1149.61493433
1149.7134304
1149.74091768
1150.23110747
1150.45176923
1150.33418477
1149.88675296
1149.74244475
1149.61722493
1149.46909904
1149.50956643
1149.65921938
1149.91500378
1150.29142678
1149.92798388
1149.49964046
1149.10565615
1148.79031599
1148.88270378
1149.04686391
1149.05144513
1148.94531369
1149.1843003
1149.29654002
1149.40419853
1149.42252338
1149.52712774
1149.67754424
1149.61264372
1149.5821023
1149.72793758
1149.83788669
1149.96845126
1150.01960814
1150.04480481
1150.26164889
1150.50292611
1150.32731295
1150.38381457
1150.47314823
1150.59989512
1150.62127411
1150.7113713
1150.69151938
1150.81902981
1150.97020984
1150.6877017
1150.60447633
1150.51437914
1150.41741014
1150.4983449
1150.71900666
1150.82819223
1150.99693358
1151.07405066
1151.12138987
1151.38480961
1151.60852551
1151.6146338
1151.69327796
1152.00938165
1152.4125284
1152.67213047
1153.05924296
1153.49140406
1153.55859518
1153.68076086
1153.89226019
1153.84950221
1153.40054333
1153.03480983
1152.67900229
1152.48430073
1153.06153357
1154.79934037
1153.20736885
1152.69121885
1152.84468949
1152.93173254
1152.97754467
1153.01037669
1152.89890051
1152.95845628
1152.88592041
1152.81720221
1152.66831279
1152.3201406
1151.99029326
1153.97319496
1154.48552728
1152.19339371
1152.52400458
1154.13506448
1152.65304208
1151.94448113
1151.72687352
1151.84369445
1151.74214423
1151.80475414
0.0
0.0
0.0
0.0
0.0
0.000763535499573
0.00152707099915
0.00381767749786
0.0083988904953
0.0083988904953
0.0167977809906
0.0694817304611
0.0694817304611
0.0694817304611
0.139726996422
0.280217528343
0.00152707099915
0.0694817304611
0.561198592186
1.12239718437
0.562725663185
1.12545132637
8.98986697197
4.49416995049
1.12316071987
71.8922120333
71.8853402138
2.24555790424
8.98223161697
1149.89667892
1151.16872907
1149.87911761
1149.71801162
1149.65463817
1149.4164151
1149.23087597
1149.10336554
1149.04457331
1149.15757656
1148.75748396
1148.67273152
1148.44138026
1148.06877494
1148.1497097
1148.00998271
1147.86185682
1147.36632228
1147.23804832
1147.04792798
1146.83719218
1147.14489698
1147.25866377
1147.28996873
1147.27775216
1148.24057043
1148.33753943
1147.53277302
1147.69006133
1147.59691
1147.44802058
1147.35105157
1147.1044296
1147.00135231
1146.87384188
1146.96775675
1146.66310608
1146.48520231
1146.52414262
1147.44878411
1147.03876555
1146.35234714
1146.27293944
1146.05991304
1146.17978811
1146.23628974
1146.09274507
1146.08510971
1145.92324018
1145.67203701
1145.62927902
1145.92629433
1146.31340683
1146.18360579
1145.92629433
1146.08510971
1146.15688205
1146.88224077
1147.61905253
1147.94126451
1149.7218293
1148.38182449
1147.93362916
1148.00998271
1148.19628537
1148.15734506
1150.33952951
1151.52606368
1148.81016791
1148.44519794
1148.11687768
1148.00998271
1147.85651207
1147.71602154
1147.53506362
1147.26629913
1147.06090808
1146.98837221
1146.85475349
1146.71197236
1146.58675253
1146.23628974
1146.05304122
1147.61370778
1148.17261577
1146.55468404
1146.35616481
1146.09808981
1146.04922354
1145.98050535
1145.84306896
1145.6697464
1145.55597961
1145.40632665
1145.32920957
1145.25514662
1145.22536874
1145.29714108
1145.29026926
1145.23300409
1145.12610912
1145.20933449
1145.10473013
1145.04212022
1144.96958435
1144.8825413
1144.82222199
1144.90010262
1145.08869588
1144.9169004
1144.74510491
1144.81000543
1144.90468383
1144.81840432
1144.89475787
1144.80771482
1144.76801097
1144.72067177
1144.48550284
1144.43969071
1144.49466527
1144.6114862
1144.58170831
1144.64660883
1144.59774256
1144.48855698
1144.51222658
1144.38089848
1144.18925107
1144.24651623
1144.27018583
1144.30988967
1144.21139359
1144.34653938
1144.34959352
1144.17779803
1143.85864019
1144.00447547
1143.90445232
1143.74869108
1143.74640048
1143.84489655
1143.8846004
1143.8952899
1143.79526675
1143.8716203
1143.89910758
1143.85482252
1143.74716401
1143.89681697
1143.81588221
1143.77770543
1143.73800159
1143.81511867
1143.8135916
1143.7769419
1143.66851985
1143.56926024
1143.55246246
1143.56773317
1143.54100943
1143.5791862
1143.46541941
1143.64637733
1143.67997289
1143.59522045
1143.67615521
1143.58529449
1143.57155085
1143.52268457
1143.66470218
1143.77846897
1143.67768228
1143.71738613
1143.77236068
1143.7555629
1143.83878827
1143.71509552
1143.75174522
1143.79832089
1143.74792755
1143.68073642
1143.80137503
1143.9189595
1143.94950092
1143.85329545
1143.9792788
1144.03578043
1143.6975342
1143.36310565
1143.26002836
1143.48985255
1143.84642363
1144.06174064
1144.33279574
1144.661116
1145.23682177
1145.73464692
1145.7774049
1145.75831652
1145.77129662
1145.75908005
1145.7514447
1145.75678945
1145.76671541
1145.77358723
1145.7644248
1145.76824248
1145.76595187
1145.77053308
1145.77893198
1145.77587783
1145.77816844
1145.78351319
1145.7751143
1145.77587783
1145.77435076
1145.76824248
1145.77664137
1145.79267561
