Time		Moment 
---------------------------------------------------000101110001010100000011
000101110001010100011011
000101110001010100011100
000101110001010100101000
000101110001010100011101
000101110001010100011011
000101110001010100100011
000101110001010100011111
000101110001010100011011
000101110001010100011111
000101110001010100011111
000101110001010100101101
000101110001010100101001
000101110001010100110011
000101110001010100101110
000101110001010100100100
000101110001010100001110
000101110001010100101000
000101110001010100100111
000101110001010100011000
000101110001010100011111
000101110001010100011101
000101110001010100010111
000101110001010100011011
000101110001010100100011
000101110001010100100011
000101110001010100011110
000101110001010100010101
000101110001010100101010
000101110001010100101101
000101110001010100101011
000101110001010100101110
000101110001010100100111
000101110001010100011111
000101110001010100100110
000101110001010100100011
000101110001010100100001
000101110001010001011110
000101110000111010110001
000101110000110001000111
000101110000101111001000
000101110000101110110111
000101110000100101100001
000101101101101110110001
000101101010011101011111
000101101100100001101010
000101101111001101011101
000101110000001001010111
000101110000010101111011
000101110000010111001111
000101110000011000100111
000101110000011011001000
000101110000011011010001
000101110000011001011011
000101110000010111100011
000101110000011110010010
000101110000011010111100
000101110000011000100001
000101110000011000101000
000101110000010111101111
000101110000010110001111
000101110000010111001000
000101110000010000110101
000101110000010100111000
0
0
0
0
00
0
00
00
00
00
000
000
000
000
0001
000101
00010
0001011
00010111
0001011100
00010111000
000101110000
00010111010001
000101111110001
00010111110010110
000101110001011
0001010111010100001
0001010000001001000
000100100101111
0001000000110
000011011110
000011000001100
000010101100101
000010011101110011101001
000010000000010110001111
000001101111111001111001
000001101010011001111101
000001101001100110010101
000001101100110011001110
000001001101110100110000
000000111010111001000011
000000111100001001111011
000000101100010100101101
000000011010010010010101
000000001111010011001110
111111111101110001111011
111111100011001000100100
111111010001010110110010
111111011011001101010111
111111100001101001001101
111111011011001001010100
111111010000001101011000
111110111111110001100010
111110110001101100000001
111110011000001011001111
111101111010100001111001
111101101001000010100001
111101100100101011010010
111101100111100001001000
111101100100110010111001
111110000011011111110101
111111001111111111100111
000000010000001111000100
000000100110110010110100
000000110111101100010101
000001000111100011011110
000001001110100010100011
000001011001100100010111
000001101110011111000011
000001110111110111110110
000001011111000100001000
000001011001111110010010
000001010100101111101111
000001001110111011100101
000001000111001011100110
000000111111100100110111
000000111000110001111111
000000111011110010001111
000001100111100100100101
000001100011010010100001
000001100100001010100111
000001011011111000101000
000001001011000010110111
000000111111010010111000
000001001011110010110101
000001100001100100001110
000001011101100011111111
000001000111110111000111
000001000000110010010010
000001010011111011011010
000001000101000111110001
000000110011101000001111
000000110111011000010011
000001010111001000110001
000001010101001110110111
000000111110010011110001
000001000010100100000100
000001010111110111000000
000001111100000010110111
000001111000100011001110
000001100101011001110100
000001011010111010100011
000001101111110111011111
000010000000100101100110
000010000101000010010011
000001111111101101010111
000001111110101100111101
000001111010001110010000
000001111111100111010001
000010001001000001101111
000001110111100010000010
000001111101000000010001
000010011100010001110001
000010011111000001101111
000010010111100110000101
000010000100111011001000
000001111011011010100010
000001110001100101000101
000010000100010101000010
000010011110100100011011
000010011100100100111011
000010001110100000000000
000001111100011100111101
000001111001001101011011
000010000110110100010110
000001111100100111101001
000010000101011111101100
000010001100111010100011
000010101100000101101000
000010101000010100101001
000010010001001011010010
000010000111001111011000
000010010010000010100011
000010011011001011110101
000010010110001101111110
000010010011010011111111
000010001011100001000100
000010010000111001100110
000010001100101101010000
000010011000001110011111
000010011011001001110000
000010001000111101101100
000010011111010010110100
000010110100001100100011
000010110010000111000100
000010101011101101000000
000010100010110000001110
000010001110001100100011
000010100111110111011100
000010010000111001111110
000001111011001110010010
000010000111011100011001
000010100001011010110010
000010001110100000000000
000001101011111100010010
000001100100101000000010
000010000101011010011001
000010001100100100101010
000001111000010111110101
000001111010110011110100
000001111001000001110000
000001101110111001011000
000001101001011010011001
000001111011001100111011
000010000111001100111101
000001110101101011001000
000001100010101010100010
000001101111110111101100
000001100110110111011000
000001110010101010110110
000010010000101100110001
000010100001010000001111
000010010010101000011110
000001110111010101011100
000001100101100011100010
000001011111000100111110
000001011101011000100010
000001100000111011001000
000001011111101111111111
000001100100011000011011
000001101111000000111000
000001101001100011101101
000001010101001010101011
000001001110110000101010
000001000101010011011010
000001001000111011000111
000001010011011010001011
000001010010100100010111
000000111000000111110111
000001010011010010111110
000001100010111011110100
000001100001111010010001
000001011100000010100000
000001010100100000101001
000001001101001110111101
000001010110011011001001
000001000001011010110111
000000110100101000100110
000000011101001111011011
000000010001011000011111
000000010110110010011111
000000101010111110011011
000000011010010001110010
000000010000001110000101
000000011001000111001111
000000010110111101101010
000000100010101001111010
000000000010001000110100
111111110110110000010001
000000000000100111100110
111111111100111100100011
111111100111110111001011
111111101111110011101100
000000001010010101000101
111111111101000000101101
111111110101011101100100
000000001011011100010101
111111111001110101110111
111111011111110000011001
111111100011000110101000
111111100111000110001110
111111101110101011110100
111111100011101111010101
111111010101111001001010
111111100010111010001110
000000000001010101110111
000000101001100100001100
000000100000010101111001
000000001100011100101100
000000000001111011111011
111111111011011011000101
111111110000111101100110
111111011100110111011011
111111001111101010011011
111111000001001100101101
111110110101100010110110
111110111100100111011000
111111010001000110000100
111111010000010101010110
111111000000110100111011
111110110110111010001010
111110110111001001000100
111110111001000001000011
111110110111000011001110
111110101111101011100000
111110101010110011101001
111110010100110101101011
111110001101001011001110
111110010011100110111111
111111000001110100000000
111111111110011010000010
000000010101000100001101
000000101010110101110011
000000111000101111010001
000001001000001011100010
000001010010001001011001
000001011110110001101001
000001100100000111001001
000001101001001101111100
000001011110011001100111
000001011011101110111111
000001100011010000110110
000001100001101001100111
000001100100111111101010
000001101000101010010111
000001111111001000011111
000001110101110010000001
000001110001100111000001
000001100011011101110010
000001001010100011110000
000001000011100000110100
000001001110000111011010
000001100110111000001010
000001011101100100000010
000001001001000101000011
000001000100100101000011
000001001111000001010101
000001001100001110000101
000001000000110101000111
000000110100111010110000
000000100000100111001000
000000101011001111100011
000001001100101010100011
000001000001010100100111
000000111010110100111000
000000110110111110011101
000000111101100011111111
000001000111001010000000
000001000001011100001101
000000111000101011100100
000000110100011100011100
000000100100100011001001
000000011110001011111001
000000011110010100101010
000000100001010010010010
000000100110111100001111
000000100101100110010110
000000100001010100011100
000000001111000111001001
000000010101001010011000
000000001010101000011010
000000010010011000010000
000000001010100000110011
000000000011110000000011
111111111001010111010100
111111100111100110100101
111111110010001010011001
000000101001000111000001
000001010010000001110111
000001010000111111111000
000001010101001011001111
000001000001011110001110
000000110000011010101000
000000101001110110010101
000000100010110101010010
000000110101011010101111
000001001011111011101010
000000111000001110011111
000000100010100111001001
000000100110000110111100
000000111010011111010000
000000111010110011110000
000001000011101010100101
000001010110000100010111
000001010001111101110011
000001001011110110110110
000001011101101010011101
000001010101010001001110
000001000110100011011100
000001100111001010010010
000001110001010001100101
000001101010010110010000
000001101000000100001000
000001100001100111110011
000001000101101101000000
000001000011010011101111
000001000011100001000110
000001000111101001110110
000001010100110011011100
000001010101100000001010
000001001100000101001100
000000111001001011110110
000001000001010001010110
000001001011010111111110
000001000000111001010110
000000110100110011100110
000000110111011001101000
000000101001101010110101
000000100110111000001001
000000111010100111100001
000001000010101000101110
000001000111101000011110
000000101101011010010000
000000110001001101011100
000001000100110100111110
000001100100100011000100
000001010010101101010110
000001001010000110010100
000001000000100001100111
000000100111111111011011
000000101101110000010000
000000100111101001100000
000000000111110101010000
111111111000101101010001
000000000101000001111010
111111111111001000000100
111111101111000110011010
111111100100001110111011
000000000101011110101000
000000101101101000111001
000000111101111000001010
000001001100011101111100
000001000000001001111010
000000101101000011011110
000000101010011101000010
000000101010011101010110
000000110000110001010111
000000111011111101011011
000000111010010001101111
000000110011100100100011
000000110110111011000011
000001001100011111111100
000001000010110001111001
000000111110000100100001
000001001101110100010100
000001010010100110111100
000001100001111011111100
000001101101100100011011
000001101001011011010011
000001111010110100101001
000010000011101011011110
000001110011100101010001
000001100010000101111000
000001010011011111000011
000001010001101100000010
000001001100000010000010
000001001111010110100011
00
00
000
00000
0000
00000
00000
00000
0000001
00000
0000010
00000100
000001000
0000010011
0000010100
0000010010000111000
000001001011110010110
00000100010011100000111
000000111000110
00000010100101010001
00000010010001101110001
0000001001101100100001
0000001000110001000
000000100100011100
000001000000101001
00000100010001111011111
0000010001101111
00000101000
0000010010110110001
00000011110111000101101
000000111001110010011011
000000110101000001001100
000000110001100010001001
000000100101010010000010
000000010101001110100011
000000100010001000101100
000000011111010101000110
000000010001011101111101
000000011101001011001100
000000101010111110010001
000000101110001110100010
000000100001111101111110
000000011001001010010101
000000100001111001100100
000000101111011101000101
000000101011101010101010
000000100110010010000010
000000011101101111111001
000000100011000011111010
000001000011001110010101
000001001100110011001000
000001000011100100010101
000000111000101111100010
000000101010000111101100
000000100000100010110011
000000011010010010000001
000000001011010101010011
000000001001010010001101
000000000101010100000011
111111111011110111100110
000000000100001000101111
000000001111000011001001
000000010000111101011111
000000010100010111010011
000000011011010000110001
000000100110001111100001
000000100000001100000100
000000011110000010110111
000000011000001000000100
000000100010100001110110
000000100110010101000110
000000100011111010111001
000000011000010000001101
000000001000011101010101
000000000110101001011010
000000001010110011001011
000000000001111111010100
111111111111100010100100
000000000001010001001100
111111110001110000110101
111111101001110111011001
111111100111101100011100
111111011011101010010011
111111011011000110001100
111111011110001110111101
111111011010111010000110
111111011000101111100100
111111100000001011110100
111111100011100001000110
111111100111011001000101
111111101000110001011001
111111011101111001001000
111111001101101100010010
111111000100001000101011
111111000101000100001011
111111010000000110110000
111111001110100101000011
111110111000111111111101
111110110000011111111001
111110100110000010000111
111110011111100111110001
111110100100101001111000
111110101011111101010001
111110011010101000010010
111110001001100011110000
111110001000011010001101
111101111110110010111100
111101111111000101100010
111110000111110111100000
111110000000001111000011
111101101101011001110110
111101100010110100011110
111101100110011001110110
111101011101011100101001
111101010011110001010111
111101100100101011001111
111101110011100110010111
111101111000101000011100
111110000101110110000001
111110001111111001111101
111110001000011000001010
111110000111011111001010
111110000011111110101010
111110000001011001100101
111101111010001101001000
111101101000100010100100
111101101001010101010010
111101011110111011000000
111101000111001001010101
111100100111111000001111
111100010010111011101010
111100001001000111111100
111011111110101001000110
111011111010110010101111
111011100111110010101001
111011010001110001011001
111010110100001001100111
111010100100100011001000
111010011110111111010000
111010010001110011101100
111010001110101010000001
111010001101110101110000
111010000100011010011100
111001110111111000000111
111001101100001101001100
111001100100110110001000
111001011111101110110010
111001100001011111101000
111001100110010001011110
111001110001010101000111
111001110111110110001010
111001111000110010100000
111010000000110000011100
111010001100100010111011
111010010100010001010000
111010001100011000000101
111010000010100011010111
111010000100111110001000
111010010100100111000110
111010011010010010001010
111010010000100100101001
111010001000010111101000
111010000111011001001011
111010000111111001100111
111010001001100110110110
111010001010000001001001
111001111110000011011111
111001100011011001111110
111001010100011100100001
111001010011000111011100
111001011011111100001001
111001011111111011001101
111001010111111100111111
111001010010001110100110
111001010101110001001011
111001001100101111001100
111000110101111000001000
111000101001100010001101
111000101101100110100111
111000110100110100110110
111000110110100000000101
111000110111010100011001
111000110111011110100010
111000111111111101010001
111001001111110001101110
111001100010111100000101
111001011000101100101110
111001010110000111011110
111001011100011111001101
111001011111111000001000
111001011011100010010000
111001010001000010000001
111001001000011111111001
111001000101001100000101
111000111101010001110011
111000110000011110101110
111000101000000000001110
111000100010110001000010
111000100000110010100010
111000011011010010011011
111000010011111110000001
111000010001001100010001
111000001110111100001000
111000000111000010111000
111000000000001001000111
110111111011010110010000
110111110101111111011011
110111110100111111111000
110111111101011010010100
111000010101100111011110
111000110100101100000010
111001001110101001001111
111001100001010001010101
111001111001011010100100
111010010000111001110100
111010011011110100100111
111010100100101101000011
111010110001011011011111
111010111001000011110110
111011000000010111110100
111011000100001111011100
111011000011010010011111
111011000010011111001110
111011000001010100111001
111011001001010010010001
111011010111001011011110
111011011010011111100001
111011100110001000101111
111011110010111111000001
111011110011100110011011
111011110000011000010011
111011101001101011110101
111011011001110010000001
111011001111110101001011
111011010000101010001010
111011001111101001110010
111011010010111011000111
111011001011101110011101
111011000000011111110101
111010111011111010101010
111010101110011001001001
111010011111010110110010
111010010110001001011101
111010001110001010101001
111010001100101010100101
111010001000010010101010
111001110101111101111101
111001100000111010011110
111001001001001011111111
111000101101101001101010
111000100111011010000100
111000011011101001000001
111000010010010110010100
111000001101011000100000
110111111011000001111101
110111100001100101000100
110111010111110001000101
110111011011010010110011
110111001110111101110000
110110110101110100100100
110110011111011101000110
110110010101011011110001
110110010010001110011110
110110001111000100100001
110110001101000000110111
110110001111110101100001
110110001010010111011101
110101111100110110100001
110110011010110010011100
111100000101100010101111
000001000010110010000011
000000101111000010001101
000000000011011001110101
111111011001111010001101
111110111001111001001101
111110100011101110111100
111110001011011010000100
111101111100100111000110
111110000001011010011011
111110001011001100101000
111110011011001010001000
111110100010100111000110
111110100011001100010100
111110100001101100111100
111110011000001110101001
111110001000000101000000
111101110000111001000010
111101011101111110010100
111101010011111010110100
111101010011100100010101
111101010000110001010100
111101010010111000011110
111101010100001011111010
111101001011010011100101
111101000000100100011000
111101000100000001010101
111101010101011101010001
111101100101000100001010
111101110111111010100111
111110000110010000111110
111110000011100000011010
111101111110001101110001
111110001000010011100111
111110001110111101111101
111110001001010000110001
111110000010001011010100
111101111011101011110000
111101110100011110001000
111101100011111011110111
111101001011011011000101
111100110001010011100010
111100011100000000101011
111100011001100011110111
111100011001110001001100
111100001110111010110101
111100001000011110001000
111100001000001010010000
111100011010000010110001
111100101101010111110110
111100110110100101001111
111100111100010011010011
111100111100000010101001
111101000001000001010110
111101001001100111001111
111101001111001101001010
111101010001100001111110
111101010111011110001010
111101100010000011111001
111101110001100011111100
111101110101110011000111
111101101010101011011110
111101011010001010100000
111101011000101010011110
111101010011110101101010
111101001000100111111100
111100111101001111010101
111100101100010000000011
111100011011010100100101
111100000110010111111000
111011101101010000100011
111011100110011100001000
111011111001100000111110
111100000010110110011010
111011111001001111001011
111011101101010101001000
111011100010111001000010
111011100101100000011000
111011110100000110101101
111011111100000010101000
111011111001110111100100
111011110111111011101110
111100000011110110101010
111100001101110111001100
111100010101000000110000
111100011011100110011000
111100011100101110011000
111100011000111000001011
111100001010110101001011
111011110101110010111110
111011100011011100100110
111011011110010001111001
111011011101111000010010
111011011100111011101010
111011011111001010010101
111011011011011101000100
111011010000000101101010
111011000011110000100111
111010111001000111011010
111010110010111111010010
111010110111010111111100
111010111001101101101011
111010111011011011101101
111011001100100011010001
111011011101011001111100
111011101101100111100101
111100001000100111100110
111100100010001111100001
111100101101001001010111
111100111000110101101100
111101001101001011101010
111101101010011000001101
111110000110110010101100
111110010011001010111000
111110010000101001000111
111101111110110010101010
111101101001110010111101
111101011011011110101100
111101001111001111000011
111101000000010001010011
111100101110110110001011
111100011010001011111001
111100000011000011101111
111011101111011101100001
111011100000010000011011
111011001011111010011010
111010111111011100110101
111011000000011110010100
111011000010011111011000
111011001000011100111110
111011001010111101001010
111011001111101001000011
111011011000100111100000
111011011100111101110011
111011100001001100001101
111011100110011111011001
1
1
111
1111
11110
1111000
11110000
11101110
111011011
1110110011
11101100001
1110110000
11101100011101
1110110010011
111011001100000
1110110010001
11101100010101
1110110000111000001001
111010111110000100001
11101011101
111011000000
1110110010110110
11101101011111010100
111011101010101011011
1110111110011
111011111110101101110101
111011111011110111000100
111011111000000111011011
111011111101100001110010
111100000100110101111111
111100000010100110010010
111011110011111011100111
111011011011111100100101
111011000100110011001110
111010110100110110000110
111010101001100100101110
111010100101100010001110
111010011110111101111100
111010100000100010110101
111011000000111100011001
111011011110110111100010
111011011011010101010111
111011010000011001001100
111011010010100010011010
111011011001010110111101
111011011000001101110100
111011010101010100111011
111011010101111010100000
111011010010101010001000
111011010100111000111010
111011011100110100110011
111011100010111000010000
111011100001110010100111
111011011000001001000101
111011001010010100010011
111011000011111101001110
111011001001000101111000
111011001011001010111101
111011000011111110110100
111010110111011000101110
111010101101110001101100
111010100111000101100100
111010100111000110101111
111010101100001101101010
111010101111111001111010
111010111110101111111111
111011011100001011011001
111100000001010010111101
111100101000100011000101
111101001101010011010010
111101101001100010101110
111110011111100011100010
111111111011101100000010
000001001111000111101110
000010011001000111101111
000011011000010110110100
000100001010110011001010
000100101110011111010111
000101000010011000001111
000101001000110011000111
000101000111110110110001
000101000110001000100100
000101000101001110000011
000101000100110001101010
000101000100100110111111
000101000100101000111001
000101000100110011111000
000101000101000101000011
000101000101011010110110
000101000101110010110111
000101000110001011110110
000101000110100110110101
000101000111000011101010
000101000111100001100101
000101001000000000011000
000101001000011111111110
000101001000111111100100
000101001001011110111111
000101001001111110100011
000101001010011110001010
000101001010111101100000
000101001011011011101011
000101001011111001011000
000101001100011000001011
000101001100110110110000
000101001101010100011110
000101001101110010010110
000101001110010000011110
000101001110101110010011
000101001111001011111111
000101001111101001001011
000101010000000101111000
000101010000100010001001
000101010000111110010010
000101010001011010101001
000101010001110111110100
000101010010010100111101
000101010010110001101110
000101010011001101101000
000101010011101001010000
000101010100000100011111
000101010100011111001101
000101010100111001011110
000101010101010011011101
000101010101101101000000
000101010110000110010010
000101010110011110111011
000101010110110111011010
000101010111001111110110
000101010111100111111110
000101010111111111010100
000101011000010110011000
000101011000101101000111
000101011001000100000101
000101011001011010100001
000101011001110000101010
000101011010000110000101
000101011010011011010111
000101011010110000101001
000101011011000101101010
000101011011011010110000
000101011011101111110001
000101011100000101010000
000101011100011100001100
000101011100101011101110
000101011100111011111010
000101011101010000001100
000101011101100011011010
000101011101110110011111
000101011110001010101110
000101011110011111000011
000101011110110001001001
000101011111000010111011
000101011111010100110001
000101011111100110110011
000101011111111000111000
000101100000001010010000
000101100000011101000010
000101100000101111011100
000101100001000010000001
000101100001010010110000
000101100001100011101010
000101100001110100011100
000101100010000101001000
000101100010010110000000
000101100010100110011111
000101100010111000000100
000101100011001000101101
000101100011010110011100
000101100011100100001100
000101100011110010100111
000101100100000001110100
000101100100001111100110
000101100100011101110101
000101100100101101000101
000101100100111100010010
000101100101001100000100
000101100101011011000001
000101100101101001100100
000101100101111001100010
000101100110000111010011
000101100110010100001110
000101100110100001001011
000101100110101101101110
000101100110111010110111
000101100111001000010101
000101100111010100101111
000101100111100000111111
000101100111101101010110
000101100111111010010001
000101101000000111110000
000101101000010100000100
000101101000011111110111
000101101000101010110111
000101101000110111010001
000101101001000100000000
000101101001010000011111
000101101001011100110111
000101101001101001010110
000101101001110101011111
000101101010000000011010
000101101010001011001111
000101101010010110011101
000101101010100001100111
000101101010101100010110
000101101010110110011111
000101101011000000001011
000101101011001001110111
000101101011010010010010
000101101011011000101101
000101101011011101111011
000101101011100011011101
000101101011000111101010
000101101000000001110001
000101100011010110110011
000101100100001110101010
000101101010110111111010
000101101011101110111011
000101101011011100100000
000101101011011000111111
000101101011011000100000
000101101011010100101111
000101101011001011001100
000101101011010111111011
000101101011011111011110
000101101011100001001000
000101101011100010000101
000101101011100010010000
000101101011100010010110
000101101011100011000100
000101101011100011100010
000101101011100100000101
000101101011100101000110
000101101011100110000011
000101101011100111110110
000101101011101001010010
000101101011101001100000
000101101011101010111101
000101101011101010010100
000101101011101011110110
000101101011101011101100
000101101011101011110110
000101101011101100111101
000101101011101110100111
000101101011101111010110
000101101011101111110000
000101101011101111111011
000101101011110000111001
000101101011110001001010
000101101011110001110101
000101101011110010101010
000101101011110011001010
000101101011110011101111
000101101011110100000101
000101101011110100110101
000101101011110101100100
000101101011110101101110
000101101011110110010100
000101101011110111001111
000101101011110111101011
000101101011111000000101
000101101011111000101100
000101101011111001100001
000101101011111010001001
000101101011111010101111
000101101011111011100000
000101101011111100001101
000101101011111100110001
000101101011111101010111
000101101011111101110101
000101101011111110011010
000101101011111111010010
000101101011111111101001
000101101100000000000110
000101101100000000110010
000101101100000001010110
000101101100000001111010
000101101100000010100010
000101101100000010111010
000101101100000011101000
000101101100000100010000
000101101100000100101111
000101101100000101010000
000101101100000101101111
000101101100000110010100
000101101100000111000110
000101101100000111110001
000101101100001000010001
000101101100001000110101
000101101100001001001110
000101101100001001101101
000101101100001010010010
000101101100001010110101
000101101100001011101011
000101101100001101101000
000101101100010010001011
000101101100010100111100
000101101100010100111100
000101101100010101101110
000101101100010101000000
000101101100010100101010
000101101100010100011000
000101101100010100100100
000101101100010100111100
000101101100010101100011
000101101100010101101010
000101101100010110000110
000101101100010111001011
000101101100011010000101
000101101100011010111001
000101101100011001101110
000101101100011011010111
000101101100011010010111
000101101100011011011110
000101101100011011010001
000101101100011011010111
000101101100011011010000
000101101100011011100011
000101101100011100000110
000101101100011100010111
000101101100011100001111
000101101100011100011100
000101101100011100101001
000101101100011100101111
000101101100011100110101
000101101100011101010000
000101101100011110100001
000101101100011111010110
000101101100011111011010
000101101100011111011001
000101101100011111010100
000101101100011111011010
000101101100011111111101
000101101100100000110001
000101101100100001001100
000101101100100001001001
000101101100100001100010
000101101100100010011011
000101101100100010101110
000101101100100010110011
000101101100100010110011
000101101100100010111010
000101101100100011100011
000101101100100100010010
000101101100100100001111
000101101100100100011010
000101101100100100110000
000101101100100101000011
000101101100100101101000
000101101100100110010011
000101101100100110100111
000101101100100111010111
000101101100100111011110
000101101100100111100100
000101101100101000001100
000101101100101000011011
000101101100101000110101
000101101100101001100100
000101101100101001110000
000101101100101001111110
000101101100101010011000
000101101100101011010101
000101101100101011011001
000101101100101011100010
000101101100101100010001
000101101100101100110100
000101101100101101000001
000101101100101101011111
000101101100101101110001
000101101100101110000000
000101101100101101111100
000101101100101101110100
000101101100101101111010
000101101100101110001110
000101101100101110110010
000101101100101110111001
000101101100101110111111
000101101100101111011010
000101101100101111111011
000101101100110000011100
000101101100110000110011
000101101100110001000110
000101101100110001010010
000101101100110001100011
000101101100110010000001
000101101100110010100010
000101101100110010100101
000101101100110010110111
000101101100110010111101
000101101100110011011101
000101101100110011110110
000101101100110100010000
000101101100110100100001
000101101100110100110100
000101101100110101001101
000101101100110101010111
000101101100110101100010
000101101100110101111111
000101101100110110010011
000101101100110110100110
000101101100110110110000
000101101100110111001100
000101101100110111110000
000101101100111000000000
000101101100111000000111
000101101100111000100101
000101101100111000111001
000101101100111001011110
000101101100111010010110
000101101100111010111101
000101101100111011110011
000101101100111011110010
000101101100111100010000
000101101100111100110100
000101101100111101000001
000101101100111101001100
000101101100111101010111
000101101100111101000111
000101101100111101000000
000101101100111101011000
000101101100111101100001
000101101100111101100111
000101101100111101110100
000101101100111110010000
000101101100111110010100
000101101100111110100000
000101101100111110110000
000101101100111111001101
000101101100111111011100
000101101100111111110101
000101101101000000000110
000101101101000000001101
000101101101000000010101
000101101101000000011111
000101101101000000111011
000101101101000010000110
000101101101000010101000
000101101101000011000011
000101101101000011000001
000101101101000010111010
000101101101000010101100
000101101101000011001010
0
0
00
00
000
00
000
0001
00010
00010
00010
00010
00010
000101
000101
0001011
0001011
0001011011
00010110110
000101101101
000101101101
0001011011010
000101101101000
000101101101
00010110110100100
000101101101
00010110110100100
00010110110100100010
00010110110100100
00010110110100100101001
0001011011010
000101101101001
000101101101001001111101
000101101101001010100001
000101101101001010100111
000101101101001011010010
000101101101001011100001
000101101101001011111110
000101101101001011111010
000101101101001100000010
000101101101001100011100
000101101101001100101101
000101101101001100111011
000101101101001101010000
000101101101001101011111
000101101101001101110100
000101101101001101110011
000101101101001101111111
000101101101001110011110
000101101101001110101001
000101101101001110111000
000101101101001111001110
000101101101001111011111
000101101101001111101110
000101101101001111110111
000101101101010000000010
000101101101010000001111
000101101101010000100000
000101101101010000101000
000101101101010000101010
000101101101010000110011
000101101101010000111101
000101101101010001010011
000101101101010001101101
000101101101010010000100
000101101101010010100100
000101101101010010110110
000101101101010010111001
000101101101010011000110
000101101101010011001000
000101101101010011011010
000101101101010011100111
000101101101010011110010
000101101101010011111011
000101101101010100001100
000101101101010100011001
000101101101010100101100
000101101101010101001010
000101101101010101100010
000101101101010101110011
000101101101010101111010
000101101101010110000010
000101101101010110010100
000101101101010110010000
000101101101010110010001
000101101101010110011100
000101101101010110101010
000101101101010110101001
000101101101010110111110
000101101101010111100011
000101101101010111100100
000101101101010111101111
000101101101011000111000
000101101101011010001110
000101101101011011100100
000101101101011100011100
000101101101011011110001
000101101101011011111011
000101101101011100011000
000101101101011100100111
000101101101011100001111
000101101101011100100100
000101101101011100111001
000101101101011100101110
000101101101011100111001
000101101101011101011110
000101101101011101100000
000101101101011101010010
000101101101011101100101
000101101101011101101000
000101101101011101100110
000101101101011101100100
000101101101011101101111
000101101101011101101011
000101101101011101101111
000101101101011101110011
000101101101011110000001
000101101101011101111110
000101101101011110001001
000101101101011110010000
000101101101011110010001
000101101101011110101000
000101101101011111000010
000101101101011110111110
000101101101011110111101
000101101101011111000101
000101101101011111010111
000101101101011111010110
000101101101011111011010
000101101101011111101001
000101101101011111011101
000101101101011111100111
000101101101011111110001
000101101101011111111111
000101101101100000010011
000101101101100000101111
000101101101100000101100
000101101101100000100001
000101101101100000110010
000101101101100000111101
000101101101100001001100
000101101101100001011000
000101101101100001100100
000101101101100001011111
000101101101100001110000
000101101101100010000110
000101101101100010000000
000101101101100001111011
000101101101100010000111
000101101101100010011101
000101101101100010011110
000101101101100010110001
000101101101100010110110
000101101101100011000000
000101101101100011000100
000101101101100011001001
000101101101100011011101
000101101101100011110001
000101101101100011111110
000101101101100011111110
000101101101100010101010
000101101101010110011010
000101101101001111101100
000101101101001110011101
000101101101100111001111
000101101101111110100100
000101101101111101101111
000101101111100000100110
000110000011101001010100
000110100101101110001001
000110111100010101001011
000111001011111011010110
000110011001110011100110
000101110111101111110000
000101110010001010111110
000101101101111011111000
000101101101011011001011
000101101101110100001111
000101101101111101111110
000101101101111011100100
000101101110000011111010
000101101110001100010011
000101101110100001000001
000101101111001110111100
000101110000100100100101
000101110101001100110010
000110000000001110101010
000110001001010011110100
000110001110100100100010
000110001100000010101100
000110000111010111101100
000110000011010011100110
000101111101000010011100
000101110110111110010111
000101110110000110111111
000101110111011011110110
000101110101011111011000
000101110010100001011001
000101110001100100000010
000101110001011001001011
000101110000111000101100
000101110000011111100110
000101110000001011010110
000101101111110100111100
000101101111100011001100
000101101111010010101111
000101101111000011000100
000101101111000011100111
000101101111001110001011
000101101111010111000001
000101101111011011001110
000101101111011100100010
000101101111011001111000
000101101111010101111111
000101101111001111101111
000101101111001100000011
000101101111001000011100
000101101111000101000001
000101101111000001101100
000101101110111110111011
000101101110111100110000
000101101110111010001100
000101101110110111101111
000101101110110101110010
000101101110110100001001
000101101110110010010101
000101101110110000011110
000101101110101110101001
000101101110101101011011
000101101110101100011110
000101101110101011100000
000101101110101010011111
000101101110101001100110
000101101110101000101010
000101101110100111110000
000101101110100111000011
000101101110100111000000
000101101110100110011101
000101101110100110000001
000101101110100101100001
000101101110100101000011
000101101110100100101111
000101101110100100011111
000101101110100011100011
000101101110100001001111
000101101110100111001101
000101101110110000001101
000101101110111100011011
000101101111000111000110
000101101111010010010101
000101101111010100000000
000101101111010011101100
000101101111100000111001
000101101111101101110101
000101101111110010101100
000101110000000101011000
000101110000010000001000
000101110000001100000010
000101110000010010010100
000101110000011010011111
000101110000011111011101
000101110000010110101100
000101110000001001101000
000101101111110111111111
000101101111110101110000
000101101111101101111111
000101101111110101111101
000101110000001011111110
000101110000001101011001
000101110000000011001110
000101101111110111011011
000101101111101111111000
000101101111100011011100
000101101111011010110011
000101101111100010001001
000101101111101000110010
000101101111100100000010
000101101111100001001100
000101101111100100010001
000101101111100101101111
000101101111100111110000
000101101111101000010100
000101101111110010010110
000101101111110110110111
000101101111110100011101
000101101111101011010011
000101101111101000010110
000101101111100101110010
000101101111100010110000
000101101111100011100101
000101101111100110101001
000101101111101011111000
000101101111110011100101
000101101111101100001001
000101101111100011011000
000101101111011011010100
000101101111010100110111
000101101111010110110000
000101101111011010000111
000101101111011010001101
000101101111011000000010
000101101111011100111011
000101101111011111001110
000101101111100001011011
000101101111100001110011
000101101111100011111100
000101101111100111000001
000101101111100101101100
000101101111100101000100
000101101111101000000011
000101101111101010010011
000101101111101100111110
000101101111101110000001
000101101111101110100010
000101101111110010111110
000101101111110111111010
000101101111110100010100
000101101111110101011110
000101101111110111010011
000101101111111001111001
000101101111111010010101
000101101111111100001011
000101101111111011110001
000101101111111110011000
000101110000000001011110
000101101111111011101100
000101101111111001111111
000101101111111000001001
000101101111110110001010
000101101111110111110100
000101101111111100010101
000101101111111110100100
000101110000000010000001
000101110000000011100110
000101110000000100100100
000101110000001001111101
000101110000001110100010
000101110000001110101010
000101110000010000010001
000101110000010110101111
000101110000011110111111
000101110000100100010011
000101110000101100001110
000101110000110101000100
000101110000110110011100
000101110000111000111100
000101110000111101010001
000101110000111100011001
000101110000110011001101
000101110000101011101110
000101110000100100011100
000101110000100000011101
000101110000101100010001
000101110001001111110101
000101110000101111010000
000101110000100100101100
000101110000100111110101
000101110000101001100111
000101110000101010100011
000101110000101011001110
000101110000101000111100
000101110000101010001010
000101110000101000101011
000101110000100111010001
000101110000100100001110
000101110000011101000110
000101110000010110010110
000101110000111110111011
000101110001001001011010
000101110000011010100000
000101110000100001010001
000101110001000010001111
000101110000100011111010
000101110000010101011010
000101110000010000111101
000101110000010011010110
000101110000010001010001
000101110000010010100011
0
0
0
0
000
0001
00010
000101
0001011
0001011
00010110
0001011011
0001011011
0001011011
00010110111
000101101111
00010
0001011011
0001011011111
00010110111110
0001011100001
00010111000010
00010110111111110
0001011011111110
00010110111111
00010110111111001101
00010110111111000100
000101101111101
00010110111110100
000101101111101011100000
000101110000000101100010
000101101111101011001001
000101101111100111110110
000101101111100110100011
000101101111100001101011
000101101111011101111000
000101101111011011010001
000101101111011010000100
000101101111011100011000
000101101111010100001100
000101101111010010011101
000101101111001101101110
000101101111000110000110
000101101111000111110000
000101101111000100111001
000101101111000001110111
000101101110110111101110
000101101110110101000110
000101101110110001001101
000101101110101100111001
000101101110110011001100
000101101110110101100001
000101101110110110001010
000101101110110101111010
000101101111001001100111
000101101111001011100110
000101101110111011001000
000101101110111110010110
000101101110111100011100
000101101110111001011001
000101101110110111011010
000101101110110010010111
000101101110110000010000
000101101110101101101001
000101101110101111100100
000101101110101001010101
000101101110100101101100
000101101110100110011111
000101101110111001011010
000101101110110001000001
000101101110100010111110
000101101110100001010110
000101101110011100111111
000101101110011111011100
000101101110100000100110
000101101110011101101010
000101101110011101100000
000101101110011010001100
000101101110010101000011
000101101110010100001011
000101101110011010010000
000101101110100010001011
000101101110011111100001
000101101110011010010000
000101101110011101100000
000101101110011110111110
000101101110101101110100
000101101110111100111001
000101101111000011011111
000101101111100111111011
000101101111001100100000
000101101111000011010101
000101101111000100111001
000101101111001000101101
000101101111000111111010
000101101111110100100100
000101110000001100110110
000101101111010101010001
000101101111001101110011
000101101111000111000101
000101101111000100111001
000101101111000001110000
000101101110111110111000
000101101110111011001011
000101101110110101101011
000101101110110001011110
000101101110101111111111
000101101110101101010000
000101101110101010010101
000101101110100111110001
000101101110100000100110
000101101110011100110110
000101101110111100110010
000101101111001000001110
000101101110100111000111
000101101110100011000011
000101101110011101110001
000101101110011100110001
000101101110011011010111
000101101110011000100011
000101101110010101000000
000101101110010010101011
000101101110001111100111
000101101110001110000010
000101101110001100100001
000101101110001011111010
000101101110001101011000
000101101110001101001111
000101101110001100000100
000101101110001001111000
000101101110001011100101
000101101110001001011100
000101101110001000001010
000101101110000110101011
000101101110000100111001
000101101110000011101010
000101101110000101010000
000101101110001001000111
000101101110000101100110
000101101110000010000101
000101101110000011011010
000101101110000101010110
000101101110000011100101
000101101110000101001001
000101101110000011010111
000101101110000010100011
000101101110000001100101
000101101101111100110001
000101101101111011110101
000101101101111100111101
000101101101111111010110
000101101101111110101111
000101101110000000000100
000101101101111111000100
000101101101111100110101
000101101101111101010100
000101101101111010101000
000101101101110110101101
000101101101110111111000
000101101101111000010111
000101101101111001001011
000101101101110111001010
000101101101111001111011
000101101101111001111111
000101101101110110011110
000101101101101111111100
000101101101110010111011
000101101101110000111000
000101101101101101101100
000101101101101101101001
000101101101101111101010
000101101101110000011110
000101101101110000101100
000101101101101110101001
000101101101110000001101
000101101101110000110001
000101101101101111110111
000101101101101101101010
000101101101110000101110
000101101101101111000100
000101101101101110010010
000101101101101101011110
000101101101101111000011
000101101101101111000001
000101101101101110010001
000101101101101100000011
000101101101101010000001
000101101101101001101011
000101101101101001111111
000101101101101001011100
000101101101101010001110
000101101101100111111001
000101101101101011100110
000101101101101100010010
000101101101101010100011
000101101101101100001101
000101101101101010010110
000101101101101010000100
000101101101101001000100
000101101101101011111110
000101101101101110010011
000101101101101100001111
000101101101101101000011
000101101101101110001011
000101101101101101110101
000101101101101111100010
000101101101101101000000
000101101101101101110000
000101101101101110101101
000101101101101101101011
000101101101101100010011
000101101101101110110001
000101101101110001001011
000101101101110001110011
000101101101101111110101
000101101101110010011010
000101101101110011100100
000101101101101100101001
000101101101100101110011
000101101101100011101100
000101101101101000011001
000101101101101111101100
000101101101110100000110
000101101101111001101001
000101101110000000010111
000101101110001100001001
000101101110010110010101
000101101110010111001101
000101101110010110110100
000101101110010111000101
000101101110010110110101
000101101110010110101011
000101101110010110110010
000101101110010110111111
000101101110010111001000
000101101110010110111100
000101101110010111000001
000101101110010110111110
000101101110010111000100
000101101110010111001111
000101101110010111001011
000101101110010111001110
000101101110010111010101
000101101110010111001010
000101101110010111001011
000101101110010111001001
000101101110010111000001
000101101110010111001100
000101101110010111100001