1512732
1512744
1512733
1512731
1512739
1512735
1512731
1512735
1512735
1512749
1512745
1512755
1512750
1512740
1512718
1512744
1512743
1512728
1512735
1512733
1512727
1512731
1512739
1512739
1512734
1512725
1512746
1512749
1512747
1512750
1512743
1512735
1512742
1512739
1512737
1512542
1511089
1510471
1510344
1510327
1509729
1498033
1484639
1493098
1504093
1507927
1508731
1508815
1508903
1509064
1509073
1508955
1508835
1509266
1509052
1508897
1508904
1508847
1508751
1508808
1508405
1508664
0
0
0
0
0
0
0
0
0
0
0
0
0
0
1
5
2
11
23
92
184
368
1489
3057
12182
2955
44705
41032
2351
518
222
1548
1381
646377
525711
458361
435837
432533
445646
318768
241219
246395
181549
107669
62670
-16777216
-16777216
-16777216
-16777216
-16777216
-16777216
-16777216
-16777216
-16777216
-16777216
-16777216
-16777216
-16777216
-16777216
-16777216
-16777216
-16777216
66500
158900
228117
293086
321699
366871
452547
490998
389384
368530
347119
323301
291558
260407
232575
244879
424229
406689
410279
376360
307383
259256
310453
399630
383231
294343
265362
343770
283121
211471
226835
356913
349111
255217
272644
359872
508087
493774
415348
372387
458207
526694
544915
523095
518973
500624
522705
561263
489602
512017
640113
651375
620933
544456
505506
465221
542018
649499
641339
583680
509757
496475
552214
510441
546796
577187
704872
689449
594642
553944
598179
635637
615294
603391
571460
593510
576336
623519
635504
561004
652468
738083
729540
703296
666638
582435
687580
593534
504722
554777
661170
583680
442130
412162
546457
575786
493045
503028
495728
454232
431769
504635
553789
481992
404130
458220
421336
469686
592689
660495
600606
488796
415970
389438
382498
397000
392191
411163
454712
432365
348843
322602
283866
298695
341643
338199
229879
341182
405236
401041
376992
346153
316349
353993
267959
215590
119771
71199
93343
176027
107634
66437
102863
94058
141946
8756
-16777216
2534
-16777216
-16777216
-16777216
42309
-16777216
-16777216
46869
-16777216
-16777216
-16777216
-16777216
-16777216
-16777216
-16777216
-16777216
5495
170252
132473
50988
7931
-16777216
-16777216
-16777216
-16777216
-16777216
-16777216
-16777216
-16777216
-16777216
-16777216
-16777216
-16777216
-16777216
-16777216
-16777216
-16777216
-16777216
-16777216
-16777216
-16777216
-16777216
86285
175475
232401
295650
336473
388201
410057
430972
386663
375743
406582
399975
413674
428695
520735
482433
465345
407410
305392
276532
319962
421386
383234
299331
280899
323669
312197
265543
216752
133576
177123
314019
267559
240952
225181
252159
291456
268045
232164
214812
149705
123641
124202
136338
159503
154006
136476
61897
86680
43546
75280
43059
15363
-16777216
-16777216
-16777216
168385
335991
331768
348879
268174
198312
171413
142674
218799
311018
230303
141769
156092
239568
240880
277157
352535
335731
310710
383645
349262
288988
422546
463973
435600
426248
399859
285504
275695
276550
293494
347356
350218
311628
234230
267350
308734
265814
216294
226920
170677
159241
240097
272942
293406
186000
201564
281918
411844
338774
303508
264295
163803
187408
162400
32080
-16777216
20602
-16777216
-16777216
-16777216
22440
186937
253450
313212
262778
184542
173890
173910
199767
245595
238703
211235
224963
313340
273529
254241
318740
338364
401148
448795
431827
503081
539358
473425
401784
341955
334594
311426
325027
0
0
0
0
0
0
0
0
1
0
2
4
8
19
20
9272
38806
141063
454
10577
74609
39713
4488
2332
4137
140255
1135
40
9649
126509
236699
217164
202889
152706
86947
139820
128326
71549
119500
176017
189346
139134
103061
138852
194373
178858
156802
121849
143610
275349
314568
276757
232418
172524
133299
107649
46419
38029
21763
-16777216
16943
61641
69471
83411
111665
156641
131844
123063
98820
141430
156998
147129
99341
34645
27226
44235
8148
-16777216
5196
-16777216
-16777216
-16777216
-16777216
-16777216
-16777216
-16777216
-16777216
-16777216
-16777216
-16777216
-16777216
-16777216
-16777216
-16777216
-16777216
-16777216
-16777216
-16777216
-16777216
-16777216
-16777216
-16777216
-16777216
-16777216
-16777216
-16777216
-16777216
-16777216
-16777216
-16777216
-16777216
-16777216
-16777216
-16777216
-16777216
-16777216
-16777216
-16777216
-16777216
-16777216
-16777216
-16777216
-16777216
-16777216
-16777216
-16777216
-16777216
-16777216
-16777216
-16777216
-16777216
-16777216
-16777216
-16777216
-16777216
-16777216
-16777216
-16777216
-16777216
-16777216
-16777216
-16777216
-16777216
-16777216
-16777216
-16777216
-16777216
-16777216
-16777216
-16777216
-16777216
-16777216
-16777216
-16777216
-16777216
-16777216
-16777216
-16777216
-16777216
-16777216
-16777216
-16777216
-16777216
-16777216
-16777216
-16777216
-16777216
-16777216
-16777216
-16777216
-16777216
-16777216
-16777216
-16777216
-16777216
-16777216
-16777216
-16777216
-16777216
-16777216
-16777216
-16777216
-16777216
-16777216
-16777216
-16777216
-16777216
-16777216
-16777216
-16777216
-16777216
-16777216
-16777216
-16777216
-16777216
-16777216
-16777216
-16777216
-16777216
-16777216
-16777216
-16777216
-16777216
-16777216
-16777216
-16777216
-16777216
-16777216
-16777216
-16777216
-16777216
-16777216
-16777216
-16777216
-16777216
-16777216
-16777216
-16777216
-16777216
-16777216
-16777216
-16777216
-16777216
-16777216
-16777216
-16777216
-16777216
-16777216
-16777216
-16777216
-16777216
-16777216
-16777216
-16777216
-16777216
-16777216
-16777216
-16777216
-16777216
-16777216
-16777216
-16777216
-16777216
-16777216
-16777216
-16777216
-16777216
-16777216
-16777216
-16777216
-16777216
-16777216
-16777216
-16777216
-16777216
-16777216
-16777216
-16777216
-16777216
-16777216
-16777216
-16777216
-16777216
-16777216
-16777216
-16777216
-16777216
-16777216
-16777216
-16777216
273539
192653
13941
-16777216
-16777216
-16777216
-16777216
-16777216
-16777216
-16777216
-16777216
-16777216
-16777216
-16777216
-16777216
-16777216
-16777216
-16777216
-16777216
-16777216
-16777216
-16777216
-16777216
-16777216
-16777216
-16777216
-16777216
-16777216
-16777216
-16777216
-16777216
-16777216
-16777216
-16777216
-16777216
-16777216
-16777216
-16777216
-16777216
-16777216
-16777216
-16777216
-16777216
-16777216
-16777216
-16777216
-16777216
-16777216
-16777216
-16777216
-16777216
-16777216
-16777216
-16777216
-16777216
-16777216
-16777216
-16777216
-16777216
-16777216
-16777216
-16777216
-16777216
-16777216
-16777216
-16777216
-16777216
-16777216
-16777216
-16777216
-16777216
-16777216
-16777216
-16777216
-16777216
-16777216
-16777216
-16777216
-16777216
-16777216
-16777216
-16777216
-16777216
-16777216
-16777216
-16777216
-16777216
-16777216
-16777216
-16777216
-16777216
-16777216
-16777216
-16777216
-16777216
-16777216
-16777216
-16777216
-16777216
-16777216
-16777216
-16777216
-16777216
-16777216
-16777216
-16777216
-16777216
-16777216
-16777216
-16777216
-16777216
-16777216
-16777216
-16777216
-16777216
-16777216
-16777216
-16777216
-16777216
-16777216
-16777216
-16777216
-16777216
-16777216
-16777216
-16777216
-16777216
-16777216
-16777216
-16777216
-16777216
-16777216
-16777216
-16777216
-16777216
-2
-2
-8
-16
-32
-128
-256
-256
-512
-1024
-2048
-1024
-16384
-8192
-32768
-8192
-16384
-4194304
-2097152
-2048
-4096
-65536
-1048576
-2097152
-8192
-16777216
-16777216
-16777216
-16777216
-16777216
-16777216
-16777216
-16777216
-16777216
-16777216
-16777216
-16777216
-16777216
-16777216
-16777216
-16777216
-16777216
-16777216
-16777216
-16777216
-16777216
-16777216
-16777216
-16777216
-16777216
-16777216
-16777216
-16777216
-16777216
-16777216
-16777216
-16777216
-16777216
-16777216
-16777216
-16777216
-16777216
-16777216
-16777216
-16777216
-16777216
-16777216
-16777216
-16777216
-16777216
-16777216
-16777216
-16777216
324078
627183
886196
1092810
1238999
1320463
1346759
1342897
1335844
1332099
1330282
1329599
1329721
1330424
1331523
1332918
1334455
1336054
1337781
1339626
1341541
1343512
1345534
1347556
1349567
1351587
1353610
1355616
1357547
1359448
1361419
1363376
1365278
1367190
1369118
1371027
1372927
1374795
1376632
1378441
1380242
1382057
1383924
1385789
1387630
1389416
1391184
1392927
1394637
1396318
1397981
1399616
1401234
1402811
1404378
1405942
1407486
1408980
1410456
1411911
1413381
1414817
1416234
1417605
1418967
1420329
1421674
1423024
1424369
1425744
1427212
1428206
1429242
1430540
1431770
1432991
1434286
1435587
1436745
1437883
1439025
1440179
1441336
1442448
1443650
1444828
1446017
1447088
1448170
1449244
1450312
1451392
1452447
1453572
1454637
1455516
1456396
1457319
1458292
1459174
1460085
1461061
1462034
1463044
1464001
1464932
1465954
1466835
1467662
1468491
1469294
1470135
1470997
1471791
1472575
1473366
1474193
1475056
1475844
1476599
1477303
1478097
1478912
1479711
1480503
1481302
1482079
1482778
1483471
1484189
1484903
1485590
1486239
1486859
1487479
1488018
1488429
1488763
1489117
1487338
1474673
1455539
1459114
1486330
1489851
1488672
1488447
1488416
1488175
1487564
1488379
1488862
1488968
1489029
1489040
1489046
1489092
1489122
1489157
1489222
1489283
1489398
1489490
1489504
1489597
1489556
1489654
1489644
1489654
1489725
1489831
1489878
1489904
1489915
1489977
1489994
1490037
1490090
1490122
1490159
1490181
1490229
1490276
1490286
1490324
1490383
1490411
1490437
1490476
1490529
1490569
1490607
1490656
1490701
1490737
1490775
1490805
1490842
1490898
1490921
1490950
1490994
1491030
1491066
1491106
1491130
1491176
1491216
1491247
1491280
1491311
1491348
1491398
1491441
1491473
1491509
1491534
1491565
1491602
1491637
1491691
1491816
1492107
1492284
1492284
1492334
1492288
1492266
1492248
1492260
1492284
1492323
1492330
1492358
1492427
1492613
1492665
1492590
1492695
1492631
1492702
1492689
1492695
1492688
1492707
1492742
1492759
1492751
1492764
1492777
1492783
1492789
1492816
1492897
1492950
1492954
1492953
1492948
1492954
1492989
1493041
1493068
1493065
1493090
1493147
1493166
1493171
1493171
1493178
1493219
1493266
1493263
1493274
1493296
1493315
1493352
1493395
1493415
1493463
1493470
1493476
1493516
1493531
1493557
1493604
1493616
1493630
1493656
1493717
1493721
1493730
1493777
1493812
1493825
1493855
1493873
1493888
1493884
1493876
1493882
1493902
1493938
1493945
1493951
1493978
1494011
1494044
1494067
1494086
1494098
1494115
1494145
1494178
1494181
1494199
1494205
1494237
1494262
1494288
1494305
1494324
1494349
1494359
1494370
1494399
1494419
1494438
1494448
1494476
1494512
1494528
1494535
1494565
1494585
1494622
1494678
1494717
1494771
1494770
1494800
1494836
1494849
1494860
1494871
1494855
1494848
1494872
1494881
1494887
1494900
1494928
1494932
1494944
1494960
1494989
1495004
1495029
1495046
1495053
1495061
1495071
1495099
1495174
1495208
1495235
1495233
1495226
1495212
1495242
0
0
0
0
0
0
0
1
2
2
2
2
2
5
5
11
11
91
182
365
365
730
2920
365
11684
365
11684
93474
11684
747817
730
2921
1495677
1495713
1495719
1495762
1495777
1495806
1495802
1495810
1495836
1495853
1495867
1495888
1495903
1495924
1495923
1495935
1495966
1495977
1495992
1496014
1496031
1496046
1496055
1496066
1496079
1496096
1496104
1496106
1496115
1496125
1496147
1496173
1496196
1496228
1496246
1496249
1496262
1496264
1496282
1496295
1496306
1496315
1496332
1496345
1496364
1496394
1496418
1496435
1496442
1496450
1496468
1496464
1496465
1496476
1496490
1496489
1496510
1496547
1496548
1496559
1496632
1496718
1496804
1496860
1496817
1496827
1496856
1496871
1496847
1496868
1496889
1496878
1496889
1496926
1496928
1496914
1496933
1496936
1496934
1496932
1496943
1496939
1496943
1496947
1496961
1496958
1496969
1496976
1496977
1497000
1497026
1497022
1497021
1497029
1497047
1497046
1497050
1497065
1497053
1497063
1497073
1497087
1497107
1497135
1497132
1497121
1497138
1497149
1497164
1497176
1497188
1497183
1497200
1497222
1497216
1497211
1497223
1497245
1497246
1497265
1497270
1497280
1497284
1497289
1497309
1497329
1497342
1497342
1497258
1496474
1496044
1495965
1497551
1499044
1498991
1505318
1587796
1727369
1819979
1883862
1678566
1539056
1516222
1498872
1496779
1498383
1499006
1498852
1499386
1499923
1501249
1504188
1509669
1528626
1573802
1610996
1632546
1622188
1603052
1586406
1560732
1535895
1532351
1537782
1529816
1517657
1513730
1513035
1510956
1509350
1508054
1506620
1505484
1504431
1503428
1503463
1504139
1504705
1504974
1505058
1504888
1504639
1504239
1504003
1503772
1503553
1503340
1503163
1503024
1502860
1502703
1502578
1502473
1502357
1502238
1502121
1502043
1501982
1501920
1501855
1501798
1501738
1501680
1501635
1501632
1501597
1501569
1501537
1501507
1501487
1501471
1501411
1501263
1501645
1502221
1503003
1503686
1504405
1504512
1504492
1505337
1506165
1506476
1507672
1508360
1508098
1508500
1509023
1509341
1508780
1507944
1506815
1506672
1506175
1506685
1508094
1508185
1507534
1506779
1506296
1505500
1504947
1505417
1505842
1505538
1505356
1505553
1505647
1505776
1505812
1506454
1506743
1506589
1506003
1505814
1505650
1505456
1505509
1505705
1506040
1506533
1506057
1505496
1504980
1504567
1504688
1504903
1504909
1504770
1505083
1505230
1505371
1505395
1505532
1505729
1505644
1505604
1505795
1505939
1506110
1506177
1506210
1506494
1506810
1506580
1506654
1506771
1506937
1506965
1507083
1507057
1507224
1507422
1507052
1506943
1506825
1506698
1506804
1507093
1507236
1507457
1507558
1507620
1507965
1508258
1508266
1508369
1508783
1509311
1509651
1510158
1510724
1510812
1510972
1511249
1511193
1510605
1510126
1509660
1509405
1510161
1512437
1510352
1509676
1509877
1509991
1510051
1510094
1509948
1510026
1509931
1509841
1509646
1509190
1508758
1511355
1512026
1509024
1509457
1511567
1509626
1508698
1508413
1508566
1508433
1508515
0
0
0
0
0
1
2
5
11
11
22
91
91
91
183
367
2
91
735
1470
737
1474
11774
5886
1471
94157
94148
2941
11764
1506016
1507682
1505993
1505782
1505699
1505387
1505144
1504977
1504900
1505048
1504524
1504413
1504110
1503622
1503728
1503545
1503351
1502702
1502534
1502285
1502009
1502412
1502561
1502602
1502586
1503847
1503974
1502920
1503126
1503004
1502809
1502682
1502359
1502224
1502057
1502180
1501781
1501548
1501599
1502810
1502273
1501374
1501270
1500991
1501148
1501222
1501034
1501024
1500812
1500483
1500427
1500816
1501323
1501153
1500816
1501024
1501118
1502068
1503033
1503455
1505787
1504032
1503445
1503545
1503789
1503738
1506596
1508150
1504593
1504115
1503685
1503545
1503344
1503160
1502923
1502571
1502302
1502207
1502032
1501845
1501681
1501222
1500982
1503026
1503758
1501639
1501379
1501041
1500977
1500887
1500707
1500480
1500331
1500135
1500034
1499937
1499898
1499992
1499983
1499908
1499768
1499877
1499740
1499658
1499563
1499449
1499370
1499472
1499719
1499494
1499269
1499354
1499478
1499365
1499465
1499351
1499299
1499237
1498929
1498869
1498941
1499094
1499055
1499140
1499076
1498933
1498964
1498792
1498541
1498616
1498647
1498699
1498570
1498747
1498751
1498526
1498108
1498299
1498168
1497964
1497961
1498090
1498142
1498156
1498025
1498125
1498161
1498103
1497962
1498158
1498052
1498002
1497950
1498051
1498049
1498001
1497859
1497729
1497707
1497727
1497692
1497742
1497593
1497830
1497874
1497763
1497869
1497750
1497732
1497668
1497854
1498003
1497871
1497923
1497995
1497973
1498082
1497920
1497968
1498029
1497963
1497875
1498033
1498187
1498227
1498101
1498266
1498340
1497897
1497459
1497324
1497625
1498092
1498374
1498729
1499159
1499913
1500565
1500621
1500596
1500613
1500597
1500587
1500594
1500607
1500616
1500604
1500609
1500606
1500612
1500623
1500619
1500622
1500629
1500618
1500619
1500617
1500609
1500620
1500641
